0 35800 1057.014 427.9115 1062.812 430.7548 1082.855 430.2385 1076.649 427.4172 1059.946 323.0216 1065.99 323.5706 1086.637 323.4708 1080.16 322.9262 1069.819 429.0646
0 75724 1433.189 513.1224 1456.918 521.0748 1488.002 519.6135 1463.319 511.7634 1457.413 339.7996 1483.351 341.4005 1515.894 341.1059 1488.913 339.5267 1460.187 516.3194
0 22948 1699.9 543.2465 1738.456 553.6464 1771.942 551.7271 1732.308 541.4802 1743.415 345.8958 1786.307 348.0211 1821.453 347.6281 1777.382 345.5358 1735.306 547.4144
0 83374 1547.746 795.9662 1616.005 840.9739 1688.597 832.3586 1615.395 788.7124 1622.608 400.7441 1708.19 411.2661 1789.131 409.233 1697.504 399.071 1615.684 813.5196
0 38922 878.7244 467.0728 881.1788 471.9357 908.3786 471.0479 905.176 466.234 875.4934 330.6484 877.9511 331.6055 906.276 331.4307 903.0079 330.4836 893.3784 469.0372
0 23374 1015.951 474.5582 1022.667 479.8703 1050.348 478.8995 1042.859 473.6433 1018.279 332.1224 1025.356 333.1718 1054.203 332.9798 1046.287 331.942 1032.94 476.7023
0 59652 940.259 441.7788 943.8401 445.274 966.5965 444.6382 962.4896 441.1729 939.5961 325.7062 943.2838 326.3856 966.8225 326.262 962.5728 325.5886 953.2972 443.1945
0 28100 784.0735 426.8643 783.8609 429.6611 804.8209 429.1533 804.5865 426.3779 778.8016 322.8195 778.4637 323.3593 800.085 323.2612 799.9474 322.7258 794.3554 427.9987
0 81758 569.0813 439.5491 563.6735 442.9349 587.6923 442.3191 592.5155 438.9619 556.1675 325.2734 550.2553 325.9308 575.1431 325.8112 580.4282 325.1594 578.296 440.9207
0 56946 772.0066 653.1942 770.6349 675.4825 830.6918 671.3041 828.5322 649.4931 755.5408 368.916 752.9081 373.7358 818.7336 372.8282 817.1479 368.1208 800.6182 662.0237
0 22294 828.9371 416.8986 829.6435 419.2728 848.7815 418.8423 847.7016 416.4849 825.3237 320.9017 825.9753 321.3577 845.6633 321.275 844.6166 320.8223 838.7783 417.8625
0 45344 326.3138 507.3647 309.4465 514.888 347.0084 513.5067 362.4716 506.0775 294.789 338.6443 275.8546 340.1545 315.5689 339.8769 332.9382 338.3865 336.5112 510.3911
0 60972 302.1169 530.0722 282.3665 539.3599 324.3456 537.649 342.3509 528.4905 265.6266 343.2191 243.1837 345.1042 287.8666 344.7563 308.3395 342.8989 313.0515 533.7997
0 60556 968.4042 410.0181 971.707 412.1212 989.2346 411.7402 985.6184 409.6511 968.6219 319.5831 972.0163 319.9857 990.0045 319.9127 986.2802 319.5128 978.7394 410.8725
0 47094 1424.749 595.8666 1457.679 611.3687 1501.27 608.4861 1466.486 593.2617 1458.393 356.759 1495.731 360.0126 1542.245 359.4056 1502.806 356.2146 1462.213 602.0449
0 63150 1594.969 643.1229 1643.842 664.125 1692.709 660.1934 1641.551 639.6282 1648.869 366.7555 1705.753 371.2728 1758.267 370.4236 1698.769 366.0083 1642.657 651.4517
0 43622 890.6541 500.2374 894.0245 507.2466 926.6597 505.9608 922.2183 499.0364 887.3278 337.2189 890.7443 338.6207 925.0127 338.3631 920.4173 336.979 908.4047 503.059
0 22214 615.7715 420.3054 612.0854 422.8201 632.5854 422.364 635.844 419.8675 605.9996 321.5563 601.9984 322.0402 623.1287 321.9524 626.676 321.4721 624.1079 421.326
1 35800 1065.636 432.749 1071.854 435.8118 1092.625 435.2552 1085.97 432.217 1068.952 323.9561 1075.447 324.549 1096.868 324.4411 1089.907 323.8531 1079.005 433.9905
1 75724 1485.058 511.4598 1510.506 519.2871 1540.993 517.8491 1514.63 510.1217 1511.718 339.4658 1539.541 341.04 1571.426 340.7503 1542.605 339.1973 1512.612 514.6071
1 83374 1433.044 810.5938 1492.781 858.4171 1569.69 849.2432 1504.377 802.9102 1495.304 404.1367 1570.41 415.4103 1656.861 413.226 1574.809 402.3513 1498.882 829.2158
1 38922 871.5856 475.4534 873.9491 480.8205 902.5767 479.8394 899.3854 474.5292 867.8884 332.299 870.2367 333.3594 900.1132 333.1654 896.8646 332.1166 886.8911 477.6194
1 23374 1016.238 466.2604 1022.636 471.0757 1048.979 470.1967 1041.88 465.4297 1018.463 330.489 1025.187 331.4361 1052.585 331.263 1045.102 330.3257 1032.418 468.2057
1 59652 921.9967 437.0086 925.0244 440.2717 947.0853 439.6785 943.5632 436.4423 920.7646 324.7807 923.8628 325.4135 946.6583 325.2983 943.0327 324.671 934.421 438.3307
1 28100 796.4387 430.9575 796.498 433.938 818.0901 433.3966 817.5564 430.4396 791.3758 323.6097 791.319 324.186 813.6136 324.0812 813.1649 323.5096 807.1653 432.166
1 81758 560.3006 445.2747 554.4471 448.9452 579.5045 448.2771 584.7225 444.6389 546.541 326.3859 540.1237 327.1005 566.128 326.9704 571.8616 326.2621 569.8052 446.7607
1 56946 677.3694 654.9646 670.0062 677.4832 731.5011 673.2604 735.1681 651.2267 652.48 369.2969 642.7015 374.1712 710.2487 373.253 715.5945 368.4931 703.7572 663.8834
1 22294 847.918 413.7933 848.9769 416.0431 867.5363 415.6353 866.1257 413.4011 844.9114 320.3061 845.9388 320.7376 865.0151 320.6593 863.6164 320.2308 857.6492 414.7071
1 45344 351.3456 495.9462 336.2854 502.655 371.5717 501.4251 385.3893 494.7958 322.8019 336.3629 305.9915 337.7018 343.1726 337.4562 358.6068 336.1339 361.32 498.6481
1 60972 267.485 546.0126 244.824 556.6544 290.0847 554.6897 310.7255 544.2062 226.2675 346.4599 200.3111 348.6377 248.7269 348.235 272.3813 346.0916 278.5896 550.2762
1 60556 939.1305 410.2264 941.8848 412.3376 959.5461 411.9552 956.4736 409.8582 938.5885 319.6229 941.4052 320.027 959.5342 319.9538 956.3823 319.5524 949.2597 411.0842
1 47094 1374.646 573.309 1402.548 586.4936 1443.168 584.0499 1413.645 571.0834 1402.232 352.0681 1433.503 354.8035 1476.657 354.2952 1443.564 351.608 1408.249 578.5764
1 63150 1685.659 679.0027 1746.118 704.7739 1799.137 699.9244 1736.026 674.7462 1754.285 374.5017 1826.014 380.1517 1883.299 379.0829 1808.516 373.5756 1740.878 689.1835
1 43622 844.4904 495.8141 846.2144 502.5137 878.4011 501.2855 875.6346 494.6652 839.0773 336.3365 840.6918 337.6735 874.4657 337.4282 871.7052 336.1077 861.2134 498.5125
1 22214 608.7485 424.5721 604.7794 427.2686 626.0401 426.7792 629.5497 424.1031 598.4166 322.3776 594.0999 322.8975 616.0392 322.8031 619.8669 322.2873 617.319 425.6661
