0 39644 1763.202 362.4809 1776.533 362.8932 1775.457 362.3394 1762.248 361.9342 1774.989 310.5857 1788.594 310.6629 1787.397 310.5593 1773.918 310.4834 1769.336 362.41
0 80494 1637.484 398.8889 1657.234 399.9117 1657.165 398.5397 1637.681 397.5443 1653.247 317.4588 1673.626 317.6536 1673.327 317.3923 1653.231 317.2029 1647.342 398.714
0 45718 1621.578 357.3517 1632.984 357.7001 1633.136 357.2321 1621.819 356.8893 1630.493 309.6268 1642.108 309.6918 1642.189 309.6044 1630.667 309.5403 1627.363 357.2919
0 68038 1639.626 427.4387 1665.115 429.1334 1664.888 426.8621 1639.841 425.2255 1660.086 322.9303 1686.631 323.2574 1686.011 322.8191 1659.945 322.5035 1652.285 427.1497
0 37572 1646.322 366.3792 1659.671 366.8438 1659.602 366.2199 1646.375 365.7637 1657.021 311.3161 1670.653 311.4033 1670.481 311.2863 1656.975 311.2007 1652.969 366.2994
0 46746 1627.856 357.8967 1639.407 358.2515 1639.509 357.7748 1628.049 357.4256 1636.941 309.7285 1648.705 309.7947 1648.733 309.7057 1637.063 309.6405 1633.688 357.8357
0 53698 1578.244 371.9135 1592.187 372.4576 1592.782 371.727 1578.971 371.1936 1588.684 312.3553 1602.944 312.4576 1603.44 312.3203 1589.319 312.22 1585.522 371.8201
0 45872 1721.23 376.7177 1737.233 377.3359 1736.333 376.5059 1720.505 375.9006 1734.945 313.2596 1751.35 313.3761 1750.281 313.2197 1734.06 313.1056 1728.792 376.6116
0 29272 1692.325 357.4684 1704.177 357.8181 1703.762 357.3483 1692.007 357.0042 1702.214 309.6485 1714.286 309.7137 1713.784 309.626 1701.812 309.5618 1698.049 357.4083
0 46382 1832.852 468.1473 1869.916 471.0972 1864.924 467.1493 1828.779 464.332 1867.781 330.8599 1906.989 331.4404 1900.915 330.6636 1862.731 330.1102 1848.935 467.6469
0 59480 1691.837 373.712 1706.994 374.2833 1706.436 373.5161 1691.436 372.9564 1704.505 312.6936 1720.024 312.8011 1719.322 312.6567 1703.967 312.5514 1699.146 373.6139
0 30402 1754.146 356.899 1766.247 357.242 1765.346 356.7812 1753.346 356.4437 1764.764 309.5422 1777.091 309.6062 1776.092 309.5201 1763.869 309.4571 1759.752 356.84
0 72936 22.81334 394.3589 25.90765 395.2908 46.9891 394.0405 43.73348 393.1326 2.017994 316.5973 4.974232 316.7744 26.79926 316.5368 23.66907 316.3644 34.92159 394.1994
0 35832 1568.732 385.0217 1585.116 385.7794 1585.9 384.7623 1569.699 384.022 1580.893 314.8273 1597.715 314.9706 1598.365 314.7782 1581.735 314.6382 1577.329 384.8918
0 23090 -0.9300613 379.5629 1.485558 380.2275 19.57815 379.3354 17.0426 378.6854 -18.88756 313.7961 -16.57711 313.9214 2.054386 313.7531 -0.3839493 313.6305 9.338493 379.449
0 54016 50.94246 383.3159 53.91832 384.0438 72.24815 383.0667 69.15138 382.3552 33.14907 314.5048 36.02737 314.6424 54.92403 314.4577 51.91658 314.3232 61.61098 383.191
1 39644 1785.434 363.1367 1799.048 363.5576 1797.764 362.9923 1784.276 362.5787 1797.673 310.7085 1811.572 310.7873 1810.158 310.6815 1796.391 310.6041 1791.606 363.0644
1 80494 1634.712 401.0779 1654.87 402.1462 1654.831 400.7132 1634.951 399.6743 1650.761 317.8757 1671.576 318.0794 1671.299 317.8062 1650.78 317.6083 1644.79 400.8952
1 45718 1637.28 358.0002 1648.908 358.3563 1648.934 357.8779 1637.399 357.5275 1646.51 309.7478 1658.353 309.8143 1658.303 309.725 1646.555 309.6595 1643.113 357.939
1 68038 1642.288 423.9467 1667.109 425.55 1666.855 423.4009 1642.452 421.8511 1662.254 322.2572 1688.075 322.5661 1687.447 322.152 1662.079 321.8537 1654.598 423.6732
1 37572 1647.642 365.4036 1660.805 365.8548 1660.726 365.2488 1647.682 364.8057 1658.203 311.1332 1671.643 311.2178 1671.464 311.1042 1658.148 311.0211 1654.192 365.3261
1 46746 1630.11 357.1785 1641.533 357.5247 1641.617 357.0596 1630.283 356.7188 1639.114 309.5944 1650.745 309.659 1650.756 309.5721 1639.217 309.5085 1635.87 357.119
1 53698 1577.572 373.1682 1591.752 373.7311 1592.361 372.9752 1578.319 372.4235 1588.183 312.5912 1602.69 312.6971 1603.198 312.5549 1588.834 312.4512 1584.977 373.0715
1 45872 1722.311 378.1123 1738.612 378.753 1737.681 377.8928 1721.561 377.2658 1736.296 313.5224 1753.013 313.6432 1751.907 313.481 1735.381 313.3628 1730.006 378.0023
1 29272 1692.684 358.2535 1704.697 358.6125 1704.272 358.1301 1692.358 357.7767 1702.712 309.7952 1714.952 309.8622 1714.438 309.7721 1702.3 309.7061 1698.484 358.1917
1 46382 1825.7 461.8469 1861.243 464.5796 1856.627 460.9216 1821.93 458.3073 1859.004 329.6227 1896.518 330.1589 1890.917 329.4413 1854.342 328.9292 1841.207 461.3829
1 59480 1691.048 372.4565 1705.942 373.0087 1705.404 372.2672 1690.661 371.7259 1703.486 312.4573 1718.731 312.5613 1718.054 312.4218 1702.968 312.32 1698.235 372.3617
1 30402 1774.33 357.4473 1786.666 357.7968 1785.594 357.3273 1773.363 356.9834 1785.322 309.6446 1797.892 309.7098 1796.716 309.6222 1784.253 309.5579 1779.968 357.3873
1 72936 29.64689 395.822 32.85696 396.7827 54.16872 395.4937 50.7942 394.558 8.679771 316.8754 11.75045 317.0581 33.82496 316.813 30.57673 316.6351 41.92846 395.6576
1 35832 1569.58 383.335 1585.647 384.0633 1586.41 383.0858 1570.518 382.374 1581.514 314.5084 1598.004 314.6461 1598.636 314.4612 1582.333 314.3267 1578.007 383.2102
1 23090 -3.080521 378.3956 -0.7175446 379.041 17.13776 378.1746 14.65794 377.543 -20.81314 313.5758 -18.55282 313.6976 -0.173378 313.5342 -2.558098 313.4151 7.042637 378.2849
1 54016 54.04472 384.6347 57.09463 385.3857 75.6728 384.3776 72.49866 383.644 36.02966 314.7541 38.97995 314.8961 58.14159 314.7055 55.05844 314.5668 64.87495 384.5059
