0 40912 500.811 380.4207 515.049 380.0237 516.2302 378.9911 502.1798 379.3782 492.1369 313.9578 506.6855 313.8828 507.9969 313.688 493.6442 313.761 508.5887 379.6996
0 29220 510.3852 382.4315 524.9244 382.0146 526.0057 380.9313 511.662 381.3373 501.6785 314.3376 516.5422 314.2588 517.7553 314.0542 503.0959 314.1309 518.2662 381.6746
0 45978 1884.935 404.1082 1894.599 403.4479 1873.59 401.7401 1863.954 402.3788 1907.604 318.4536 1917.359 318.3275 1895.466 318.0019 1885.737 318.1237 1879.198 402.9106
0 79550 1378.637 362.903 1386.47 362.6579 1378.665 362.0182 1370.881 362.2584 1384.821 310.6647 1392.746 310.6187 1384.764 310.499 1376.889 310.544 1378.651 362.4575
0 51806 1365.604 359.101 1373.021 358.884 1365.801 358.3174 1358.428 358.5303 1371.236 309.9534 1378.735 309.9129 1371.361 309.8071 1363.907 309.8467 1365.703 358.7067
0 46894 393.9867 399.9286 412.2524 399.3196 415.3232 397.7428 397.3641 398.3328 380.6777 317.6567 399.4524 317.5408 402.7992 317.2405 384.3483 317.3528 404.7716 398.8238
0 44492 496.4015 349.4829 505.2693 349.3297 506.0852 348.9285 497.2905 349.0793 491.0041 308.1597 499.9913 308.1312 500.859 308.0566 491.947 308.0846 501.27 349.2042
0 83838 399.0692 392.1332 415.906 391.6143 418.6918 390.2685 402.1159 390.7724 386.9189 316.1746 404.1874 316.0762 407.2058 315.8209 390.2117 315.9164 408.9796 391.1915
0 63444 484.5082 356.6188 494.6624 356.4195 495.6877 355.8982 485.6292 356.0941 478.1818 309.4897 488.4928 309.4526 489.5881 309.3552 479.3759 309.3918 490.1329 356.2562
0 79672 356.5972 352.1163 366.3698 351.9467 368.3881 351.5029 358.7039 351.6697 349.2023 308.6501 359.1181 308.6184 361.2223 308.5358 351.3973 308.5669 362.5269 351.8079
0 62362 163.0717 355.6766 174.1525 355.4836 178.0164 354.9791 167.0477 355.1686 152.6438 309.3139 163.905 309.2778 167.9113 309.1837 156.7658 309.2191 170.5902 355.3257
0 71658 1892.151 204.7762 1883.452 204.2426 1902.892 202.8008 1911.613 203.3506 1872.64 282.1002 1864.015 282.0073 1882.75 281.756 1891.398 281.8518 1897.466 203.7986
0 75512 304.0941 435.4016 329.448 434.2925 335.3075 431.4425 310.5384 432.5052 283.0859 324.4694 309.421 324.2548 315.897 323.7034 290.1916 323.9089 319.9303 433.3929
0 31480 515.9189 352.1703 525.1937 352.0004 525.8857 351.5558 516.6909 351.7228 510.471 308.6601 519.8767 308.6284 520.6222 308.5457 511.2987 308.5768 520.9312 351.8612
0 76932 518.1252 340.8548 525.4312 340.7492 525.9761 340.4724 518.7198 340.5767 513.8657 306.5574 521.2529 306.5378 521.8309 306.4866 514.4946 306.5059 522.0686 340.6628
0 60350 502.2982 378.9341 516.2709 378.5513 517.4156 377.5558 503.6239 377.929 493.8128 313.6773 508.0845 313.6051 509.3542 313.4174 495.2711 313.4878 509.9224 378.2389
0 33362 541.197 343.3739 548.8784 343.2553 549.2916 342.9445 541.6651 343.0615 536.9153 307.0247 544.6866 307.0026 545.1337 306.9449 537.4186 306.9667 545.2639 343.1582
0 46428 560.9719 333.3612 566.8888 333.2899 567.1119 333.1027 561.2277 333.1732 557.817 305.171 563.7872 305.1578 564.0291 305.1232 558.0921 305.1362 564.0534 333.2315
0 26918 208.5918 331.5527 214.889 331.4886 216.9142 331.3204 210.6536 331.3838 202.9645 304.8371 209.3198 304.8253 211.3891 304.7941 205.0709 304.8058 212.768 331.4361
0 42844 450.7415 328.9115 456.0954 328.8573 456.815 328.715 451.4879 328.7687 447.2376 304.3499 452.6347 304.3399 453.3758 304.3137 448.0059 304.3235 453.7882 328.8129
0 82760 153.1886 358.0888 164.7731 357.8791 168.8859 357.3312 157.4239 357.537 142.1772 309.7642 153.9587 309.7251 158.2286 309.6227 146.5736 309.6613 161.0878 357.7076
0 22370 487.3556 352.8745 496.8445 352.7 497.7858 352.2436 488.3805 352.4152 481.4797 308.7913 491.1055 308.7589 492.1075 308.6738 482.5678 308.7057 492.6013 352.5573
0 22032 32.38369 359.8604 44.75367 359.638 50.13462 359.0572 37.90266 359.2753 19.3396 310.0954 31.93113 310.0538 37.51093 309.9453 25.06227 309.986 41.31792 359.4562
1 40912 497.6206 382.2421 512.1909 381.8271 513.4351 380.7486 499.0612 381.1529 488.6874 314.3018 503.5831 314.2234 504.9649 314.0197 490.2744 314.096 505.5993 381.4886
1 29220 513.2468 380.6033 527.4557 380.2045 528.4813 379.1675 514.4594 379.5562 504.7884 313.9922 519.3069 313.9169 520.4575 313.7213 506.134 313.7946 520.9315 379.8791
1 45978 1922.191 407.0674 1931.886 406.3697 1909.674 404.5658 1900.002 405.2402 1946.454 319.0186 1956.231 318.8854 1933.054 318.5408 1923.295 318.6697 1915.86 405.802
1 79550 1392.211 363.9973 1400.124 363.7437 1392.049 363.0822 1384.185 363.3306 1398.707 310.8696 1406.713 310.8221 1398.45 310.6982 1390.494 310.7447 1392.129 363.5366
1 51806 1353.68 358.1569 1361.023 357.9467 1354.026 357.3976 1346.726 357.6039 1359.059 309.777 1366.483 309.7378 1359.34 309.6353 1351.961 309.6737 1353.854 357.7748
1 46894 387.9948 402.7092 406.7971 402.0663 410.0385 400.4029 391.5607 401.025 374.166 318.1866 393.5077 318.064 397.0449 317.747 378.0462 317.8656 399.1404 401.543
1 44492 486.0913 350.0264 495.0855 349.8698 495.9918 349.4598 487.0729 349.614 480.514 308.2609 489.631 308.2317 490.5921 308.1555 481.5525 308.1841 491.0692 349.7416
1 83838 404.1987 389.884 420.6037 389.3897 423.2572 388.1072 407.0998 388.5875 392.4559 315.748 409.2708 315.6542 412.1429 315.4113 395.5882 315.5022 413.8218 388.9869
1 63444 486.4264 355.7484 496.4216 355.5548 497.4161 355.049 487.5136 355.2391 480.2217 309.3273 490.3688 309.2911 491.4308 309.1968 481.3794 309.2322 491.9552 355.3965
1 79672 372.7272 351.86 382.4019 351.6921 384.2774 351.2526 374.6893 351.4178 365.565 308.6023 375.3803 308.571 377.3375 308.4892 367.6114 308.5199 378.5355 351.5546
1 62362 144.6657 355.9738 155.867 355.7789 159.9146 355.269 148.8277 355.4606 133.9405 309.3694 145.3258 309.3329 149.5215 309.2378 138.2542 309.2736 152.3376 355.6193
1 71658 1861.387 207.0823 1852.732 206.5746 1871.229 205.2034 1879.91 205.7263 1842.972 282.5023 1834.395 282.4138 1852.24 282.1747 1860.844 282.2658 1866.258 206.1524
1 75512 292.7518 440.5164 319.143 439.323 325.4402 436.2597 299.6815 437.4014 270.5532 325.4611 298.0079 325.2294 304.9839 324.6356 278.212 324.8568 309.3454 438.3555
1 31480 514.618 352.9328 524.029 352.7579 524.7407 352.3007 515.412 352.4725 509.075 308.8022 518.6209 308.7696 519.3878 308.6844 509.9265 308.7164 519.7091 352.6149
1 76932 517.1223 341.3267 524.5127 341.2188 525.0698 340.9357 517.7302 341.0422 512.8047 306.6449 520.2781 306.6249 520.8691 306.5724 513.4478 306.5922 521.1144 341.1303
1 60350 504.4673 377.2735 518.1414 376.9063 519.2399 375.9512 505.739 376.3093 496.2003 313.3642 510.1608 313.295 511.3783 313.1151 497.5983 313.1825 511.9165 376.6068
1 33362 541.9614 342.8558 549.5518 342.74 549.9556 342.4364 542.4188 342.5506 537.7379 306.9285 545.4159 306.907 545.8525 306.8506 538.2295 306.8719 545.9776 342.6451
1 26918 219.2187 331.433 225.4722 331.3694 227.436 331.2025 221.2185 331.2653 213.6914 304.8149 220.0024 304.8032 222.009 304.7724 215.7347 304.784 223.3419 331.3173
1 42844 441.7216 329.0136 447.1099 328.9591 447.8747 328.816 442.5135 328.8699 438.1435 304.3688 443.5755 304.3586 444.3625 304.3323 438.958 304.3422 444.8083 328.9144
1 82760 172.306 357.7592 183.7589 357.5518 187.6739 357.0099 176.3408 357.2134 161.6162 309.7027 173.262 309.6639 177.3276 309.5627 165.8054 309.6007 180.0391 357.3821
1 22370 471.4486 353.1511 481.0378 352.9748 482.1183 352.5139 472.6147 352.6871 465.3436 308.8429 475.0722 308.8101 476.2176 308.7241 466.5769 308.7564 476.8149 352.8306
1 22032 11.77094 360.2139 24.28785 359.9889 29.89626 359.4014 17.52056 359.6221 -1.641312 310.1615 11.10186 310.1194 16.917 310.0096 4.319973 310.0508 20.89411 359.8049
