0 59412 406.1037 350.9988 402.6972 351.457 411.7429 351.3747 415.0655 350.9179 399.4596 308.442 395.9528 308.5273 405.1185 308.512 408.5392 308.4269 408.9131 351.1861
0 50432 563 347.7313 561.1002 348.1337 569.3431 348.0614 571.173 347.6603 558.5397 307.8339 556.5812 307.9088 564.9241 307.8954 566.8109 307.8207 566.1608 347.8959
0 71658 326.91 349.9056 322.8945 350.3448 331.8715 350.2659 335.8046 349.8281 319.4771 308.2385 315.3493 308.3203 324.4442 308.3055 328.4873 308.2241 329.3821 350.0852
0 32740 674.82 349.532 673.8041 349.9647 682.1815 349.887 683.1249 349.4556 671.4965 308.1689 670.4401 308.2494 678.921 308.235 679.9033 308.1547 678.4879 349.7089
0 72936 713.1587 361.6481 712.3038 362.3138 722.6285 362.1941 723.3737 361.5308 709.5845 310.4298 708.6786 310.5544 719.161 310.532 719.9539 310.4078 717.8731 361.9199
0 80334 677.9823 394.1564 676.1088 395.6981 691.9528 395.4194 693.5695 393.8866 671.7382 316.5588 669.7192 316.8516 685.9374 316.7986 687.6875 316.5075 684.9216 394.7838
0 23090 735.8217 351.868 735.3036 352.3418 743.972 352.2567 744.4127 351.7844 733.0872 308.6039 732.538 308.6921 741.3175 308.6763 741.7872 308.5883 739.882 352.0617
0 54016 747.2938 355.6051 746.8486 356.1483 756.1131 356.0507 756.4698 355.5093 744.514 309.3006 744.036 309.402 753.4274 309.3837 753.8146 309.2827 751.6862 355.827
1 59412 420.8702 350.8849 417.6006 351.3411 426.6033 351.2592 429.7897 350.8044 414.4176 308.4207 411.0513 308.5057 420.1728 308.4904 423.4537 308.4057 423.7265 351.0714
1 50432 549.4233 347.8316 547.4075 348.2357 555.6876 348.1631 557.6328 347.7603 544.8008 307.8526 542.7236 307.9277 551.1045 307.9142 553.1094 307.8394 552.5449 347.9968
1 71658 312.2223 350.0151 308.0715 350.4561 317.0906 350.3769 321.1582 349.9373 304.6004 308.2588 300.3339 308.3409 309.4719 308.3262 313.653 308.2443 314.6479 350.1954
1 75512 1222.397 391.0142 1229.097 392.4551 1242.875 392.1947 1235.981 390.7618 1228.011 315.9623 1234.947 316.2357 1249.006 316.1862 1241.87 315.9144 1232.571 391.6007
1 32740 676.3991 348.8276 675.4107 349.2484 683.6685 349.1727 684.5865 348.7533 673.1405 308.0379 672.113 308.1161 680.4712 308.1021 681.4268 308.024 680.0212 348.9996
1 72936 712.5255 362.7549 711.6486 363.4444 722.1581 363.3203 722.9214 362.6335 708.8781 310.637 707.9481 310.766 718.6211 310.7429 719.4338 310.6142 717.3206 363.0364
1 80334 690.0435 396.0522 688.3311 397.6563 704.4587 397.3664 705.905 395.7716 683.9448 316.9191 682.0902 317.2241 698.6058 317.1689 700.1816 316.8657 697.2027 396.7049
1 23090 737.5051 351.0902 737.0095 351.55 745.5472 351.4675 745.9676 351.009 734.8315 308.4589 734.3061 308.5446 742.9514 308.5292 743.3997 308.4438 741.5117 351.2782
1 54016 745.608 356.5245 745.1392 357.0854 754.558 356.9846 754.9354 356.4255 742.7603 309.4722 742.257 309.5769 751.807 309.558 752.2162 309.4537 750.0652 356.7536
