0 40912 19.98588 29.1655712127686 0 19.62588 29.1655712127686 0 19.62588 29.5255718231201 0 19.98588 29.5255718231201 0 19.98588 29.1655712127686 1.8 19.62588 29.1655712127686 1.8 19.62588 29.5255718231201 1.8 19.98588 29.5255718231201 1.8 19.80588 29.3455715179443 0
0 29220 19.67454 28.3789119720459 0 19.31454 28.3789119720459 0 19.31454 28.7389125823975 0 19.67454 28.7389125823975 0 19.67454 28.3789119720459 1.8 19.31454 28.3789119720459 1.8 19.31454 28.7389125823975 1.8 19.67454 28.7389125823975 1.8 19.49454 28.5589122772217 0
0 45978 -8.659164 12.083309173584 0 -9.019165 12.083309173584 0 -9.019165 12.4433097839355 0 -8.659164 12.4433097839355 0 -8.659164 12.083309173584 1.8 -9.019165 12.083309173584 1.8 -9.019165 12.4433097839355 1.8 -8.659164 12.4433097839355 1.8 -8.839165 12.2633094787598 0
0 79550 -8.446007 26.0272731781006 0 -8.806007 26.0272731781006 0 -8.806007 26.3872737884521 0 -8.446007 26.3872737884521 0 -8.446007 26.0272731781006 1.8 -8.806007 26.0272731781006 1.8 -8.806007 26.3872737884521 1.8 -8.446007 26.3872737884521 1.8 -8.626007 26.2072734832764 0
0 51806 -9.602699 27.8248729705811 0 -9.9627 27.8248729705811 0 -9.9627 28.1848735809326 0 -9.602699 28.1848735809326 0 -9.602699 27.8248729705811 1.8 -9.9627 27.8248729705811 1.8 -9.9627 28.1848735809326 1.8 -9.602699 28.1848735809326 1.8 -9.7827 28.0048732757568 0
0 46894 21.69758 24.4453086853027 0 21.33758 24.4453086853027 0 21.33758 24.8053092956543 0 21.69758 24.8053092956543 0 21.69758 24.4453086853027 1.8 21.33758 24.4453086853027 1.8 21.33758 24.8053092956543 1.8 21.69758 24.8053092956543 1.8 21.51758 24.6253089904785 0
0 44492 21.8806 46.872688293457 0 21.5206 46.872688293457 0 21.5206 47.2326889038086 0 21.8806 47.2326889038086 0 21.8806 46.872688293457 1.8 21.5206 46.872688293457 1.8 21.5206 47.2326889038086 1.8 21.8806 47.2326889038086 1.8 21.7006 47.0526885986328 0
0 83838 21.9583 26.419225692749 0 21.5983 26.419225692749 0 21.5983 26.7792263031006 0 21.9583 26.7792263031006 0 21.9583 26.419225692749 1.8 21.5983 26.419225692749 1.8 21.5983 26.7792263031006 1.8 21.9583 26.7792263031006 1.8 21.7783 26.5992259979248 0
0 63444 21.73964 41.2857055664063 0 21.37964 41.2857055664063 0 21.37964 41.6457061767578 0 21.73964 41.6457061767578 0 21.73964 41.2857055664063 1.8 21.37964 41.2857055664063 1.8 21.37964 41.6457061767578 1.8 21.73964 41.6457061767578 1.8 21.55964 41.465705871582 0
0 79672 27.24018 46.6832046508789 0 26.88018 46.6832046508789 0 26.88018 47.0432052612305 0 27.24018 47.0432052612305 0 27.24018 46.6832046508789 1.8 26.88018 46.6832046508789 1.8 26.88018 47.0432052612305 1.8 27.24018 47.0432052612305 1.8 27.06018 46.8632049560547 0
0 62362 33.8657 46.5188598632813 0 33.5057 46.5188598632813 0 33.5057 46.8788604736328 0 33.8657 46.8788604736328 0 33.8657 46.5188598632813 1.8 33.5057 46.5188598632813 1.8 33.5057 46.8788604736328 1.8 33.8657 46.8788604736328 1.8 33.6857 46.698860168457 0
0 71658 46.27479 -12.8271207809448 0 45.91479 -12.8271207809448 0 45.91479 -12.4671201705933 0 46.27479 -12.4671201705933 0 46.27479 -12.8271207809448 1.8 45.91479 -12.8271207809448 1.8 45.91479 -12.4671201705933 1.8 46.27479 -12.4671201705933 1.8 46.09479 -12.647120475769 0
0 75512 21.92875 18.7026405334473 0 21.56875 18.7026405334473 0 21.56875 19.0626411437988 0 21.92875 19.0626411437988 0 21.92875 18.7026405334473 1.8 21.56875 18.7026405334473 1.8 21.56875 19.0626411437988 1.8 21.92875 19.0626411437988 1.8 21.74875 18.882640838623 0
0 31480 20.86432 44.2308349609375 0 20.50431 44.2308349609375 0 20.50431 44.5908355712891 0 20.86432 44.5908355712891 0 20.86432 44.2308349609375 1.8 20.50431 44.2308349609375 1.8 20.50431 44.5908355712891 1.8 20.86432 44.5908355712891 1.8 20.68431 44.4108352661133 0
0 76932 21.74257 56.0221557617188 0 21.38257 56.0221557617188 0 21.38257 56.3821563720703 0 21.74257 56.3821563720703 0 21.74257 56.0221557617188 1.8 21.38257 56.0221557617188 1.8 21.38257 56.3821563720703 1.8 21.74257 56.3821563720703 1.8 21.56257 56.2021560668945 0
0 60350 19.99824 29.6864604949951 0 19.63824 29.6864604949951 0 19.63824 30.0464611053467 0 19.99824 30.0464611053467 0 19.99824 29.6864604949951 1.8 19.63824 29.6864604949951 1.8 19.63824 30.0464611053467 1.8 19.99824 30.0464611053467 1.8 19.81824 29.8664608001709 0
0 33362 20.38099 52.4525566101074 0 20.02099 52.4525566101074 0 20.02099 52.812557220459 0 20.38099 52.812557220459 0 20.38099 52.4525566101074 1.8 20.02099 52.4525566101074 1.8 20.02099 52.812557220459 1.8 20.38099 52.812557220459 1.8 20.20099 52.6325569152832 0
0 46428 20.08648 67.1208572387695 0 19.72648 67.1208572387695 0 19.72648 67.4808578491211 0 20.08648 67.4808578491211 0 20.08648 67.1208572387695 1.8 19.72648 67.1208572387695 1.8 19.72648 67.4808578491211 1.8 20.08648 67.4808578491211 1.8 19.90648 67.3008575439453 0
0 26918 43.20132 79.4897155761719 0 42.84132 79.4897155761719 0 42.84132 79.8497161865234 0 43.20132 79.8497161865234 0 43.20132 79.4897155761719 1.8 42.84132 79.4897155761719 1.8 42.84132 79.8497161865234 1.8 43.20132 79.8497161865234 1.8 43.02132 79.6697158813477 0
0 42844 28.32679 79.9624557495117 0 27.96679 79.9624557495117 0 27.96679 80.3224563598633 0 28.32679 80.3224563598633 0 28.32679 79.9624557495117 1.8 27.96679 79.9624557495117 1.8 27.96679 80.3224563598633 1.8 28.32679 80.3224563598633 1.8 28.14679 80.1424560546875 0
0 82760 33.54206 44.7711753845215 0 33.18206 44.7711753845215 0 33.18206 45.131175994873 0 33.54206 45.131175994873 0 33.54206 44.7711753845215 1.8 33.18206 44.7711753845215 1.8 33.18206 45.131175994873 1.8 33.54206 45.131175994873 1.8 33.36206 44.9511756896973 0
0 22370 21.94278 44.0838813781738 0 21.58278 44.0838813781738 0 21.58278 44.4438819885254 0 21.94278 44.4438819885254 0 21.94278 44.0838813781738 1.8 21.58278 44.0838813781738 1.8 21.58278 44.4438819885254 1.8 21.94278 44.4438819885254 1.8 21.76278 44.2638816833496 0
0 22032 37.28562 45.073860168457 0 36.92562 45.073860168457 0 36.92562 45.4338607788086 0 37.28562 45.4338607788086 0 37.28562 45.073860168457 1.8 36.92562 45.073860168457 1.8 36.92562 45.4338607788086 1.8 37.28562 45.4338607788086 1.8 37.10562 45.2538604736328 0
1 40912 20.00629 28.5659008026123 0 19.64629 28.5659008026123 0 19.64629 28.9259014129639 0 20.00629 28.9259014129639 0 20.00629 28.5659008026123 1.8 19.64629 28.5659008026123 1.8 19.64629 28.9259014129639 1.8 20.00629 28.9259014129639 1.8 19.82629 28.7459011077881 0
1 29220 19.65556 28.978630065918 0 19.29556 28.978630065918 0 19.29556 29.3386306762695 0 19.65556 29.3386306762695 0 19.65556 28.978630065918 1.8 19.29556 28.978630065918 1.8 19.29556 29.3386306762695 1.8 19.65556 29.3386306762695 1.8 19.47556 29.1586303710938 0
1 45978 -8.685867 11.4839010238647 0 -9.045868 11.4839010238647 0 -9.045868 11.8439016342163 0 -8.685867 11.8439016342163 0 -8.685867 11.4839010238647 1.8 -9.045868 11.4839010238647 1.8 -9.045868 11.8439016342163 1.8 -8.685867 11.8439016342163 1.8 -8.865868 11.6639013290405 0
1 79550 -8.459358 25.4274120330811 0 -8.819359 25.4274120330811 0 -8.819359 25.7874126434326 0 -8.459358 25.7874126434326 0 -8.459358 25.4274120330811 1.8 -8.819359 25.4274120330811 1.8 -8.819359 25.7874126434326 1.8 -8.459358 25.7874126434326 1.8 -8.639359 25.6074123382568 0
1 51806 -9.600792 28.424877166748 0 -9.960793 28.424877166748 0 -9.960793 28.7848777770996 0 -9.600792 28.7848777770996 0 -9.600792 28.424877166748 1.8 -9.960793 28.424877166748 1.8 -9.960793 28.7848777770996 1.8 -9.600792 28.7848777770996 1.8 -9.780792 28.6048774719238 0
1 46894 21.69978 23.8453044891357 0 21.33978 23.8453044891357 0 21.33978 24.2053050994873 0 21.69978 24.2053050994873 0 21.69978 23.8453044891357 1.8 21.33978 23.8453044891357 1.8 21.33978 24.2053050994873 1.8 21.69978 24.2053050994873 1.8 21.51978 24.0253047943115 0
1 44492 22.25999 46.5403938293457 0 21.89999 46.5403938293457 0 21.89999 46.9003944396973 0 22.25999 46.9003944396973 0 22.25999 46.5403938293457 1.8 21.89999 46.5403938293457 1.8 21.89999 46.9003944396973 1.8 22.25999 46.9003944396973 1.8 22.07999 46.7203941345215 0
1 83838 21.95611 27.019229888916 0 21.59611 27.019229888916 0 21.59611 27.3792304992676 0 21.95611 27.3792304992676 0 21.95611 27.019229888916 1.8 21.59611 27.019229888916 1.8 21.59611 27.3792304992676 1.8 21.95611 27.3792304992676 1.8 21.77611 27.1992301940918 0
1 63444 21.73745 41.8856620788574 0 21.37745 41.8856620788574 0 21.37745 42.245662689209 0 21.73745 42.245662689209 0 21.73745 41.8856620788574 1.8 21.37745 41.8856620788574 1.8 21.37745 42.245662689209 1.8 21.73745 42.245662689209 1.8 21.55745 42.0656623840332 0
1 79672 26.64051 46.6624145507813 0 26.28051 46.6624145507813 0 26.28051 47.0224151611328 0 26.64051 47.0224151611328 0 26.64051 46.6624145507813 1.8 26.28051 46.6624145507813 1.8 26.28051 47.0224151611328 1.8 26.64051 47.0224151611328 1.8 26.46051 46.842414855957 0
1 62362 34.46537 46.5377426147461 0 34.10537 46.5377426147461 0 34.10537 46.8977432250977 0 34.46537 46.8977432250977 0 34.46537 46.5377426147461 1.8 34.10537 46.5377426147461 1.8 34.10537 46.8977432250977 1.8 34.46537 46.8977432250977 1.8 34.28537 46.7177429199219 0
1 71658 46.29148 -13.4268865585327 0 45.93148 -13.4268865585327 0 45.93148 -13.0668859481812 0 46.29148 -13.0668859481812 0 46.29148 -13.4268865585327 1.8 45.93148 -13.4268865585327 1.8 45.93148 -13.0668859481812 1.8 46.29148 -13.0668859481812 1.8 46.11148 -13.2468862533569 0
1 75512 21.92818 18.1026363372803 0 21.56818 18.1026363372803 0 21.56818 18.4626369476318 0 21.92818 18.4626369476318 0 21.92818 18.1026363372803 1.8 21.56818 18.1026363372803 1.8 21.56818 18.4626369476318 1.8 21.92818 18.4626369476318 1.8 21.74818 18.2826366424561 0
1 31480 20.86374 43.6308784484863 0 20.50374 43.6308784484863 0 20.50374 43.9908790588379 0 20.86374 43.9908790588379 0 20.86374 43.6308784484863 1.8 20.50374 43.6308784484863 1.8 20.50374 43.9908790588379 1.8 20.86374 43.9908790588379 1.8 20.68374 43.8108787536621 0
1 76932 21.74228 55.4221992492676 0 21.38228 55.4221992492676 0 21.38228 55.7821998596191 0 21.74228 55.7821998596191 0 21.74228 55.4221992492676 1.8 21.38228 55.4221992492676 1.8 21.38228 55.7821998596191 1.8 21.74228 55.7821998596191 1.8 21.56228 55.6021995544434 0
1 60350 19.99881 30.2864646911621 0 19.63881 30.2864646911621 0 19.63881 30.6464653015137 0 19.99881 30.6464653015137 0 19.99881 30.2864646911621 1.8 19.63881 30.2864646911621 1.8 19.63881 30.6464653015137 1.8 19.99881 30.6464653015137 1.8 19.81881 30.4664649963379 0
1 33362 20.38157 53.0525131225586 0 20.02156 53.0525131225586 0 20.02156 53.4125137329102 0 20.38157 53.4125137329102 0 20.38157 53.0525131225586 1.8 20.02156 53.0525131225586 1.8 20.02156 53.4125137329102 1.8 20.38157 53.4125137329102 1.8 20.20156 53.2325134277344 0
1 26918 42.60203 79.5179443359375 0 42.24203 79.5179443359375 0 42.24203 79.8779449462891 0 42.60203 79.8779449462891 0 42.60203 79.5179443359375 1.8 42.24203 79.5179443359375 1.8 42.24203 79.8779449462891 1.8 42.60203 79.8779449462891 1.8 42.42203 79.6979446411133 0
1 42844 28.92607 79.9332733154297 0 28.56607 79.9332733154297 0 28.56607 80.2932739257813 0 28.92607 80.2932739257813 0 28.92607 79.9332733154297 1.8 28.56607 79.9332733154297 1.8 28.56607 80.2932739257813 1.8 28.92607 80.2932739257813 1.8 28.74607 80.1132736206055 0
1 82760 32.9422 44.7587776184082 0 32.5822 44.7587776184082 0 32.5822 45.1187782287598 0 32.9422 45.1187782287598 0 32.9422 44.7587776184082 1.8 32.5822 44.7587776184082 1.8 32.5822 45.1187782287598 1.8 32.9422 45.1187782287598 1.8 32.7622 44.938777923584 0
1 22370 22.54264 44.0966606140137 0 22.18264 44.0966606140137 0 22.18264 44.4566612243652 0 22.54264 44.4566612243652 0 22.54264 44.0966606140137 1.8 22.18264 44.0966606140137 1.8 22.18264 44.4566612243652 1.8 22.54264 44.4566612243652 1.8 22.36264 44.2766609191895 0
1 22032 37.88548 45.086353302002 0 37.52548 45.086353302002 0 37.52548 45.4463539123535 0 37.88548 45.4463539123535 0 37.88548 45.086353302002 1.8 37.52548 45.086353302002 1.8 37.52548 45.4463539123535 1.8 37.88548 45.4463539123535 1.8 37.70548 45.2663536071777 0
