0 35800 909.6597 524.2878 927.2786 516.8977 897.8016 513.2235 879.5079 520.3626 906.9411 342.0493 925.5724 340.5591 894.616 339.8203 875.2408 341.2571 903.5814 518.6165
0 75724 1008.611 426.5688 1016.872 424.1625 998.9357 422.9402 990.4151 425.2993 1010.064 322.7626 1018.54 322.2987 1000.066 322.0634 991.3151 322.5178 1003.703 424.7283
0 60222 1564.425 411.5935 1562.471 409.7144 1541.871 408.7566 1543.462 410.6031 1580.321 319.8846 1578.044 319.525 1556.778 319.3418 1558.668 319.695 1553.004 410.157
0 22948 966.8582 412.1955 974.9053 410.2963 959.3003 409.3285 951.0608 411.1945 967.0396 320 975.2926 319.6362 959.2823 319.451 950.8266 319.8082 963.0309 410.7436
0 83374 1252.307 406.88 1255.421 405.1535 1238.206 404.2726 1234.841 405.9704 1259.665 318.9828 1262.736 318.6531 1245.036 318.485 1241.7 318.8091 1245.171 405.5605
0 38922 1312.654 496.7938 1316.541 491.0735 1284.709 488.2124 1279.949 493.7612 1329.267 336.5319 1332.829 335.3932 1299.312 334.8248 1294.78 335.9277 1298.372 492.4081
0 23374 1183.557 471.9037 1190.241 467.5157 1163.912 465.3088 1156.642 469.5814 1192.71 331.5994 1199.419 330.7356 1171.929 330.3019 1164.58 331.1421 1173.544 468.5422
0 59652 1164.452 523.7568 1173.698 516.401 1140.144 512.7434 1129.944 519.85 1175.465 341.9417 1184.813 340.4592 1149.349 339.7238 1138.932 341.1536 1151.993 518.1119
0 28100 1435.706 633.3105 1436.254 617.2986 1381.108 609.5225 1377.872 624.7433 1474.842 364.6607 1473.412 361.2642 1413.1 359.6242 1411.299 362.84 1407.4 620.9779
0 62036 1196.838 399.9976 1200.588 398.4824 1184.87 397.7083 1180.913 399.1996 1202.411 317.6699 1206.162 317.3813 1190.039 317.2341 1186.069 317.5179 1190.786 398.8398
0 56946 1440.425 432.3462 1440.558 429.7195 1417.52 428.387 1416.931 430.9598 1455.458 323.8783 1455.29 323.3707 1431.399 323.1132 1431.076 323.6101 1428.8 430.3368
0 22294 1277.078 677.4103 1286.236 657.0262 1228.506 647.2186 1216.422 666.4717 1306.927 374.1555 1315.147 369.7408 1251.593 367.6328 1239.8 371.7811 1251.783 661.6875
0 27358 1437.605 410.3645 1437.762 408.5257 1418.448 407.5883 1417.971 409.3954 1450.025 319.6494 1449.976 319.2976 1430.065 319.1183 1429.774 319.4639 1427.906 408.9589
0 60972 1916.295 507.9533 1901.997 501.5803 1859.27 498.4005 1872.016 504.5721 1964.01 338.7626 1947.496 337.4872 1901.992 336.8523 1916.75 338.0854 1887.117 503.0653
0 60556 827.1421 631.5845 856.6783 615.7334 815.8809 608.0325 785.109 623.1042 816.2732 364.2935 848.6595 360.9337 804.9882 359.3107 771.195 362.4927 821.3052 619.3765
0 47094 1153.324 417.3945 1158.469 415.3188 1140.502 414.2623 1135.088 416.3001 1158.677 320.9971 1163.865 320.5986 1145.364 320.3959 1139.89 320.787 1146.827 415.8074
0 63150 1146.203 410.1482 1151.155 408.3164 1134.322 407.3826 1129.133 409.183 1151.035 319.6079 1156.033 319.2575 1138.73 319.079 1133.483 319.4232 1140.188 408.748
0 43622 1336.81 467.8411 1339.543 463.654 1311.9 461.5464 1308.509 465.6258 1351.86 330.7997 1354.313 329.9772 1325.412 329.5638 1322.24 330.3644 1324.119 464.634
1 35800 940.0903 512.4479 955.866 505.8023 927.4075 502.4897 910.9937 508.921 939.0745 339.6645 955.662 338.3318 925.8257 337.6691 908.5366 338.9566 933.5975 507.3499
1 75724 979.21 424.2834 987.8706 421.9619 970.5239 420.7819 961.6238 423.0588 979.7737 322.322 988.673 321.875 970.8239 321.648 961.671 322.0862 974.8054 422.5078
1 60222 1554.658 414.0197 1552.828 412.0594 1531.882 411.0609 1533.336 412.9863 1570.642 320.3495 1568.485 319.9739 1546.848 319.7825 1548.605 320.1514 1543.122 412.5208
1 83374 1282.203 408.3453 1284.874 406.572 1267.184 405.6675 1264.247 407.4109 1290.426 319.2631 1293.028 318.9241 1274.827 318.7512 1271.943 319.0844 1274.6 406.9897
1 38922 1331.649 488.834 1334.856 483.5584 1303.989 480.9151 1299.96 486.0388 1348.42 334.9482 1351.282 333.9017 1318.837 333.3785 1315.066 334.3935 1317.524 484.7902
1 23374 1160.689 478.4836 1168.221 473.7599 1141.229 471.3879 1133.083 475.9827 1169.231 332.8978 1176.841 331.9651 1148.626 331.4977 1140.343 332.4038 1150.763 474.8643
1 59652 1171.199 538.9301 1180.812 530.5667 1144.985 526.4219 1134.281 534.4836 1183.388 345.0171 1193.087 343.3192 1155.074 342.4803 1144.143 344.1135 1157.741 532.5087
1 28100 1404.098 604.5896 1405.99 591.1541 1355.949 584.5892 1351.855 597.4147 1437.261 358.5873 1437.727 355.7751 1383.449 354.4077 1380.381 357.0833 1379.21 594.2513
1 62036 1171.738 398.3192 1175.796 396.8536 1160.523 396.1044 1156.271 397.5475 1176.636 317.3503 1180.712 317.0715 1165.056 316.929 1160.774 317.2034 1166.068 397.1993
1 56946 1480.512 435.2905 1479.841 432.548 1455.902 431.1576 1456.08 433.8428 1497.169 324.448 1496.132 323.9174 1471.276 323.6485 1471.782 324.1676 1468.017 433.1922
1 22294 1195.46 691.1173 1209.476 669.273 1151.999 658.7932 1135.115 679.3846 1218.506 377.1494 1232.409 372.3878 1169.105 370.1218 1151.693 374.5856 1172.796 674.2607
1 27358 1469.277 413.0223 1468.903 411.0955 1448.867 410.1138 1448.897 412.0068 1482.844 320.1584 1482.226 319.7893 1461.551 319.6014 1461.802 319.9638 1458.941 411.5493
1 60972 1893.724 497.5997 1880.767 491.8335 1840.381 488.9499 1851.95 494.5426 1937.896 336.6926 1923.005 335.5441 1880.136 334.9711 1893.467 336.0833 1866.459 493.1787
1 60556 896.1681 650.2126 923.8116 632.584 879.1842 624.0535 849.9899 640.7697 890.6283 368.2752 920.8416 364.5061 872.7344 362.6938 840.7208 366.2521 887.3479 636.6274
1 47094 1145.272 421.0797 1150.719 418.8741 1132.281 417.7524 1126.55 419.9165 1150.566 321.7054 1156.068 321.2814 1137.066 321.0657 1131.263 321.4816 1138.687 419.393
1 63150 1152.367 407.0272 1157.084 405.296 1140.662 404.4127 1135.72 406.1151 1157.216 319.011 1161.971 318.6804 1145.103 318.5119 1140.111 318.8368 1146.443 405.704
1 43622 1375.802 475.2075 1377.645 470.6523 1348.336 468.3633 1345.752 472.7962 1393.164 332.2508 1394.615 331.3528 1363.897 330.9023 1361.63 331.7752 1361.797 471.7176
