0 35800 554.3265 508.1119 529.32 505.3822 502.2821 512.324 527.7711 515.2416 534.0691 338.7944 508.1082 338.2476 478.9423 339.6395 505.4142 340.2258 528.5637 510.197
0 60222 318.3485 395.9523 308.1016 395.3604 292.2755 396.8495 302.5829 397.4599 303.868 316.9001 293.4814 316.7876 277.064 317.0707 287.511 317.1868 305.372 396.3988
0 83374 57.41158 433.546 45.43179 432.4097 17.75814 435.2787 29.75704 436.4645 28.90749 324.1104 16.80067 323.8906 -12.39326 324.4458 -0.2775192 324.6755 37.71143 434.4068
0 38922 564.7777 444.6643 547.1884 443.3336 528.8784 446.697 546.7084 448.0907 551.2309 326.2672 533.1722 326.0084 513.8878 326.6627 532.1976 326.9342 546.952 445.6736
0 23374 427.4435 458.5356 409.5689 456.9411 385.9775 460.9767 404.069 462.6541 407.3875 328.9739 389.0544 328.6619 364.0168 329.4521 382.5719 329.7809 406.8675 459.7469
0 59652 615.6405 465.882 594.9876 464.1381 575.2478 468.5547 596.2448 470.3934 602.0518 330.4147 580.7402 330.0723 559.8126 330.9401 581.4872 331.3019 595.6044 467.2076
0 28100 845.8157 448.5336 825.132 447.1317 812.9731 450.6764 834.0383 452.1464 841.7944 327.0204 820.4283 326.7473 807.7183 327.4381 829.4912 327.725 829.5112 449.5974
0 81758 890.8683 418.8677 873.9141 417.9647 865.1251 420.2414 882.338 421.1794 888.9297 321.28 871.5186 321.1066 862.4332 321.5441 880.117 321.7245 878.0697 419.5507
0 56946 357.5867 415.7474 344.9786 414.8906 326.577 417.0502 339.2832 417.9394 341.1447 320.681 328.3188 320.5165 309.0906 320.931 322.015 321.1017 342.168 416.3952
0 22294 897.3831 463.0213 874.1885 461.3364 862.1223 465.6025 885.8039 467.3776 894.9562 329.8531 870.8981 329.5226 858.2667 330.3597 882.8488 330.7086 879.8902 464.3018
0 45344 728.7166 400.9594 715.3148 400.3051 705.2752 401.9521 718.8303 402.6279 723.2216 317.8531 709.5394 317.7285 699.163 318.0424 713.0045 318.1712 717.0525 401.4534
0 27358 238.7015 408.2921 227.7081 407.5406 208.4502 409.4332 219.5009 410.2111 220.3022 319.2529 209.1599 319.1093 189.0741 319.4712 200.2719 319.62 223.6542 408.8596
0 60972 682.2941 400.2046 669.2861 399.5598 658.5797 401.1826 671.7291 401.8484 675.746 317.7094 662.476 317.5865 651.4023 317.8957 664.819 318.0226 670.4939 400.6913
0 60556 834.3334 510.0912 805.4064 507.3099 787.4766 514.3842 817.1512 517.3588 827.9957 339.1913 797.7178 338.6337 778.5901 340.0534 809.6864 340.6519 811.1408 512.2161
0 47094 42.75066 456.1235 28.92677 454.5766 -3.870049 458.4909 9.970264 460.1169 8.748322 328.5021 -5.23613 328.1996 -40.15869 328.9651 -26.1755 329.2837 19.61391 457.2983
0 80334 1287.429 448.0103 1262.695 446.6181 1261.002 450.1381 1286.314 451.5977 1298.919 326.9185 1273.214 326.6473 1271.721 327.3332 1298.05 327.6179 1274.309 449.0666
0 43622 469.2823 436.7809 453.4602 435.5896 434.0908 438.5984 450.0917 439.8429 453.401 324.7368 437.213 324.5059 416.839 325.0891 433.2109 325.3306 451.8016 437.6837
0 22214 1004.126 427.2753 985.0823 426.2419 977.9454 428.8495 997.3231 429.9258 1005.453 322.8989 985.8301 322.6995 978.4918 323.2027 998.4691 323.4105 991.1155 428.0576
1 35800 514.5571 503.223 490.6346 500.6186 462.9711 507.2388 487.3205 510.0181 492.8588 337.8156 468.0763 337.2952 438.2606 338.6194 463.4913 339.1766 489.0155 505.2114
1 60222 325.2266 397.8015 314.7427 397.1868 298.7168 398.7334 309.2649 399.3676 310.6222 317.2518 299.9914 317.1349 283.3559 317.4292 294.0507 317.5499 312.0337 398.2653
1 83374 100.4023 428.8987 88.48217 427.8392 62.66705 430.5133 74.61989 431.6174 74.22095 323.2122 62.16059 323.0076 34.98665 323.524 47.07201 323.7374 81.65137 429.7011
1 38922 543.6518 441.2325 526.6612 439.9635 508.3212 443.1701 525.5328 444.4977 529.728 325.6003 512.3026 325.3539 493.0033 325.9766 510.6584 326.2348 526.1058 442.1948
1 23374 448.0557 462.8647 429.4902 461.1831 405.7717 465.4411 424.5771 467.2126 428.233 329.8224 409.1674 329.4926 383.9615 330.3281 403.274 330.6761 427.0785 464.1429
1 59652 659.4835 465.9717 638.3614 464.2261 619.7704 468.6473 641.2618 470.4881 647.6183 330.4323 625.8 330.0895 606.1135 330.9583 628.3233 331.3205 639.7848 467.2989
1 28100 806.4835 448.4402 786.1804 447.0401 773.0989 450.5803 793.7651 452.0486 801.0804 327.0023 780.122 326.7295 766.4234 327.4194 787.7682 327.7059 789.9096 449.5027
1 81758 862.6136 417.4044 846.0743 416.5233 836.8679 418.7447 853.6516 419.6595 859.9169 320.999 842.9437 320.8298 833.4185 321.2564 850.649 321.4323 849.8131 418.0708
1 56946 389.0607 412.4669 376.5793 411.6573 359.2711 413.6973 371.8535 414.5365 373.9266 320.0519 361.2274 319.8969 343.1703 320.2877 355.9716 320.4486 374.2461 413.0787
1 22294 913.4656 469.8783 889.1411 468.0505 876.9722 472.6815 901.8347 474.6113 911.5837 331.2004 886.3072 330.8409 873.5569 331.7526 899.4146 332.1331 895.3675 471.2686
1 45344 751.6132 402.0389 737.9222 401.3707 728.1463 403.0528 741.9986 403.7432 746.6085 318.0589 732.6241 317.9315 722.522 318.2523 736.6744 318.384 739.9371 402.5434
1 27358 273.7556 405.8256 262.7731 405.1077 244.5501 406.9156 255.5956 407.6583 256.6548 318.7815 245.5181 318.6444 226.5353 318.9898 237.7339 319.1317 259.2268 406.3679
1 60972 660.9005 399.1052 648.1674 398.4742 637.2418 400.062 650.109 400.7131 653.9263 317.4999 640.9431 317.3798 629.6425 317.6822 642.7645 317.8062 649.1274 399.5813
1 60556 865.8741 499.5618 837.9764 497.0493 822.0063 503.4335 850.6052 506.1118 861.3751 337.0842 832.2205 336.5829 815.2772 337.8577 845.1974 338.3936 844.1496 501.4792
1 47094 67.9783 458.5702 53.68956 456.975 21.00689 461.0123 35.32551 462.6904 34.37731 328.9808 19.90408 328.6685 -14.92481 329.4591 -0.4387665 329.7881 44.67018 459.782
1 80334 1251.43 449.293 1226.825 447.877 1224.255 451.4578 1249.433 452.9431 1261.748 327.1685 1236.179 326.8925 1233.75 327.5906 1259.937 327.8806 1237.94 450.3677
1 43622 509.1571 433.7772 493.34 432.6371 475.256 435.516 491.259 436.706 494.8941 324.1551 478.7052 323.9345 459.7165 324.4916 476.0976 324.7222 492.3149 434.6411
1 22214 972.8373 425.4664 954.3079 424.4619 946.6516 426.9963 965.4955 428.042 973.2176 322.55 954.1406 322.3564 946.2512 322.845 965.6616 323.0468 959.8232 426.2268
