0 26054 446.731 448.5341 423.0711 448.5341 409.0818 452.4341 433.3581 452.4341 428.6547 327.0204 404.1615 327.0204 389.1556 327.7811 414.31 327.7811 428.1482 450.459
0 35410 1274.48 358.7806 1265.006 358.7806 1268.139 359.3962 1277.71 359.3962 1278.823 309.8936 1269.219 309.8936 1272.439 310.0087 1282.143 310.0087 1271.326 359.0868
0 53878 1333.239 370.0491 1321.984 370.0491 1326.41 370.9196 1337.802 370.9196 1339.378 312.0049 1327.939 312.0049 1332.512 312.1685 1344.094 312.1685 1329.845 370.4816
0 50974 1421.349 371.3007 1409.897 371.3007 1415.495 372.2023 1427.09 372.2023 1429.073 312.2401 1417.429 312.2401 1423.218 312.4096 1435.009 312.4096 1418.44 371.7488
0 83760 1421.195 377.9373 1408.694 377.9373 1414.796 379.0129 1427.467 379.0129 1429.637 313.4894 1416.907 313.4894 1423.236 313.6922 1436.142 313.6922 1418.017 378.4715
1 26054 407.6638 448.4374 384.0192 448.4374 369.0222 452.3324 393.2825 452.3324 388.2246 327.0016 363.7478 327.0016 347.6619 327.7613 372.799 327.7613 388.5911 450.3599
1 76520 62.94725 468.6955 36.10062 468.6955 8.690414 473.7346 36.33356 473.7346 26.92869 330.9677 -0.9958649 330.9677 -30.68676 331.9601 -1.899376 331.9601 36.21511 471.1782
1 35410 1269.865 357.7827 1260.55 357.7827 1263.585 358.3779 1272.995 358.3779 1274.072 309.7072 1264.63 309.7072 1267.749 309.8184 1277.288 309.8184 1266.741 358.0787
1 53878 1341.138 371.5118 1329.652 371.5118 1334.266 372.4188 1345.895 372.4188 1347.538 312.2798 1335.86 312.2798 1340.63 312.4503 1352.457 312.4503 1337.723 371.9625
1 50974 1411.692 369.8466 1400.469 369.8466 1405.839 370.7122 1417.198 370.7122 1419.1 311.9669 1407.693 311.9669 1413.242 312.1295 1424.79 312.1295 1408.783 370.2767
1 83760 1432.446 379.7453 1419.659 379.7453 1426.055 380.871 1439.02 380.871 1441.295 313.8304 1428.268 313.8304 1434.908 314.0429 1448.119 314.0429 1429.272 380.3043
