0 26054 -1.139748 2.09205102920532 0 -1.499748 2.09205102920532 0 -1.499748 2.45205116271973 0 -1.139748 2.45205116271973 0 -1.139748 2.09205102920532 1.8 -1.499748 2.09205102920532 1.8 -1.499748 2.45205116271973 1.8 -1.139748 2.45205116271973 1.8 -1.319748 2.27205109596252 0
0 35410 18.6207 -19.1386013031006 0 18.2607 -19.1386013031006 0 18.2607 -18.778600692749 0 18.6207 -18.778600692749 0 18.6207 -19.1386013031006 1.8 18.2607 -19.1386013031006 1.8 18.2607 -18.778600692749 1.8 18.6207 -18.778600692749 1.8 18.4407 -18.9586009979248 0
0 53878 18.60897 -13.5350246429443 0 18.24897 -13.5350246429443 0 18.24897 -13.1750240325928 0 18.60897 -13.1750240325928 0 18.60897 -13.5350246429443 1.8 18.24897 -13.5350246429443 1.8 18.24897 -13.1750240325928 1.8 18.60897 -13.1750240325928 1.8 18.42897 -13.3550243377686 0
0 50974 21.17244 -13.0201406478882 0 20.81244 -13.0201406478882 0 20.81244 -12.6601400375366 0 21.17244 -12.6601400375366 0 21.17244 -13.0201406478882 1.8 20.81244 -13.0201406478882 1.8 20.81244 -12.6601400375366 1.8 21.17244 -12.6601400375366 1.8 20.99244 -12.8401403427124 0
0 83760 19.95111 -10.5624685287476 0 19.59111 -10.5624685287476 0 19.59111 -10.202467918396 0 19.95111 -10.202467918396 0 19.95111 -10.5624685287476 1.8 19.59111 -10.5624685287476 1.8 19.59111 -10.202467918396 1.8 19.95111 -10.202467918396 1.8 19.77111 -10.3824682235718 0
1 26054 -1.739609 2.08289575576782 0 -2.099609 2.08289575576782 0 -2.099609 2.44289588928223 0 -1.739609 2.44289588928223 0 -1.739609 2.08289575576782 1.8 -2.099609 2.08289575576782 1.8 -2.099609 2.44289588928223 1.8 -1.739609 2.44289588928223 1.8 -1.919609 2.26289582252502 0
1 76520 -5.359093 3.77490711212158 0 -5.719093 3.77490711212158 0 -5.719093 4.13490724563599 0 -5.359093 4.13490724563599 0 -5.359093 3.77490711212158 1.8 -5.719093 3.77490711212158 1.8 -5.719093 4.13490724563599 1.8 -5.359093 4.13490724563599 1.8 -5.539093 3.95490717887878 0
1 35410 18.64474 -19.7381286621094 0 18.28474 -19.7381286621094 0 18.28474 -19.3781280517578 0 18.64474 -19.3781280517578 0 18.64474 -19.7381286621094 1.8 18.28474 -19.7381286621094 1.8 18.28474 -19.3781280517578 1.8 18.64474 -19.3781280517578 1.8 18.46474 -19.5581283569336 0
1 53878 18.61622 -12.9350681304932 0 18.25622 -12.9350681304932 0 18.25622 -12.5750675201416 0 18.61622 -12.5750675201416 0 18.61622 -12.9350681304932 1.8 18.25622 -12.9350681304932 1.8 18.25622 -12.5750675201416 1.8 18.61622 -12.5750675201416 1.8 18.43622 -12.7550678253174 0
1 50974 21.15966 -13.6200017929077 0 20.79966 -13.6200017929077 0 20.79966 -13.2600011825562 0 21.15966 -13.2600011825562 0 21.15966 -13.6200017929077 1.8 20.79966 -13.6200017929077 1.8 20.79966 -13.2600011825562 1.8 21.15966 -13.2600011825562 1.8 20.97966 -13.4400014877319 0
1 83760 19.97104 -9.96279811859131 0 19.61104 -9.96279811859131 0 19.61104 -9.60279750823975 0 19.97104 -9.60279750823975 0 19.97104 -9.96279811859131 1.8 19.61104 -9.96279811859131 1.8 19.61104 -9.60279750823975 1.8 19.97104 -9.60279750823975 1.8 19.79104 -9.78279781341553 0
