0 45978 -8.659164 12.083309173584 0 -9.019165 12.083309173584 0 -9.019165 12.4433097839355 0 -8.659164 12.4433097839355 0 -8.659164 12.083309173584 1.8 -9.019165 12.083309173584 1.8 -9.019165 12.4433097839355 1.8 -8.659164 12.4433097839355 1.8 -8.839165 12.2633094787598 0
0 75608 -10.42444 8.53458023071289 0 -10.78444 8.53458023071289 0 -10.78444 8.89458084106445 0 -10.42444 8.89458084106445 0 -10.42444 8.53458023071289 1.8 -10.78444 8.53458023071289 1.8 -10.78444 8.89458084106445 1.8 -10.42444 8.89458084106445 1.8 -10.60444 8.71458053588867 0
0 35716 -32.32276 2.30113863945007 0 -32.68276 2.30113863945007 0 -32.68276 2.6611385345459 0 -32.32276 2.6611385345459 0 -32.32276 2.30113863945007 1.8 -32.68276 2.30113863945007 1.8 -32.68276 2.6611385345459 1.8 -32.32276 2.6611385345459 1.8 -32.50276 2.48113858699799 0
0 26054 -1.139748 2.09205102920532 0 -1.499748 2.09205102920532 0 -1.499748 2.45205116271973 0 -1.139748 2.45205116271973 0 -1.139748 2.09205102920532 1.8 -1.499748 2.09205102920532 1.8 -1.499748 2.45205116271973 1.8 -1.139748 2.45205116271973 1.8 -1.319748 2.27205109596252 0
0 60288 -57.68456 0.782622754573822 0 -58.04454 0.782622754573822 0 -58.04454 1.14262276887894 0 -57.68456 1.14262276887894 0 -57.68456 0.782622754573822 1.8 -58.04454 0.782622754573822 1.8 -58.04454 1.14262276887894 1.8 -57.68456 1.14262276887894 1.8 -57.86455 0.962622761726379 0
0 39766 -37.82732 -0.10163688659668 0 -38.18732 -0.10163688659668 0 -38.18732 0.258363127708435 0 -37.82732 0.258363127708435 0 -37.82732 -0.10163688659668 1.8 -38.18732 -0.10163688659668 1.8 -38.18732 0.258363127708435 1.8 -37.82732 0.258363127708435 1.8 -38.00732 0.0783631205558777 0
0 42420 -25.27893 1.69274640083313 0 -25.63893 1.69274640083313 0 -25.63893 2.05274653434753 0 -25.27893 2.05274653434753 0 -25.27893 1.69274640083313 1.8 -25.63893 1.69274640083313 1.8 -25.63893 2.05274653434753 1.8 -25.27893 2.05274653434753 1.8 -25.45893 1.87274646759033 0
0 78036 -42.22436 1.93838286399841 0 -42.58436 1.93838286399841 0 -42.58436 2.29838299751282 0 -42.22436 2.29838299751282 0 -42.22436 1.93838286399841 1.8 -42.58436 1.93838286399841 1.8 -42.58436 2.29838299751282 1.8 -42.22436 2.29838299751282 1.8 -42.40436 2.11838293075562 0
0 76520 -5.958954 3.76575183868408 0 -6.318954 3.76575183868408 0 -6.318954 4.12575197219849 0 -5.958954 4.12575197219849 0 -5.958954 3.76575183868408 1.8 -6.318954 3.76575183868408 1.8 -6.318954 4.12575197219849 1.8 -5.958954 4.12575197219849 1.8 -6.138954 3.94575190544128 0
0 31768 -56.51137 3.15454912185669 0 -56.87135 3.15454912185669 0 -56.87135 3.51454925537109 0 -56.51137 3.51454925537109 0 -56.51137 3.15454912185669 1.8 -56.87135 3.15454912185669 1.8 -56.87135 3.51454925537109 1.8 -56.51137 3.51454925537109 1.8 -56.69136 3.33454918861389 0
0 73898 -35.93926 1.17743116617203 0 -36.29926 1.17743116617203 0 -36.29926 1.53743124008179 0 -35.93926 1.53743124008179 0 -35.93926 1.17743116617203 1.8 -36.29926 1.17743116617203 1.8 -36.29926 1.53743124008179 1.8 -35.93926 1.53743124008179 1.8 -36.11926 1.35743117332459 0
0 62222 -26.13334 0.421851746737957 0 -26.49334 0.421851746737957 0 -26.49334 0.781851768493652 0 -26.13334 0.781851768493652 0 -26.13334 0.421851746737957 1.8 -26.49334 0.421851746737957 1.8 -26.49334 0.781851768493652 1.8 -26.13334 0.781851768493652 1.8 -26.31334 0.601851753890514 0
0 53378 -46.17896 2.74209809303284 0 -46.53896 2.74209809303284 0 -46.53896 3.10209822654724 0 -46.17896 3.10209822654724 0 -46.17896 2.74209809303284 1.8 -46.53896 2.74209809303284 1.8 -46.53896 3.10209822654724 1.8 -46.17896 3.10209822654724 1.8 -46.35896 2.92209815979004 0
0 25076 -31.2524 3.39674234390259 0 -31.6124 3.39674234390259 0 -31.6124 3.75674247741699 0 -31.2524 3.75674247741699 0 -31.2524 3.39674234390259 1.8 -31.6124 3.39674234390259 1.8 -31.6124 3.75674247741699 1.8 -31.2524 3.75674247741699 1.8 -31.4324 3.57674241065979 0
0 59412 44.70597 -8.99258518218994 0 44.34597 -8.99258518218994 0 44.34597 -8.63258457183838 0 44.70597 -8.63258457183838 0 44.70597 -8.99258518218994 1.8 44.34597 -8.99258518218994 1.8 44.34597 -8.63258457183838 1.8 44.70597 -8.63258457183838 1.8 44.52597 -8.81258487701416 0
0 50432 46.38381 -2.91037440299988 0 46.02381 -2.91037440299988 0 46.02381 -2.55037426948547 0 46.38381 -2.55037426948547 0 46.38381 -2.91037440299988 1.8 46.02381 -2.91037440299988 1.8 46.02381 -2.55037426948547 1.8 46.38381 -2.55037426948547 1.8 46.20381 -2.73037433624268 0
0 71658 46.27479 -12.8271207809448 0 45.91479 -12.8271207809448 0 45.91479 -12.4671201705933 0 46.27479 -12.4671201705933 0 46.27479 -12.8271207809448 1.8 45.91479 -12.8271207809448 1.8 45.91479 -12.4671201705933 1.8 46.27479 -12.4671201705933 1.8 46.09479 -12.647120475769 0
0 35492 -57.49561 -18.7671756744385 0 -57.85559 -18.7671756744385 0 -57.85559 -18.4071750640869 0 -57.49561 -18.4071750640869 0 -57.49561 -18.7671756744385 1.8 -57.85559 -18.7671756744385 1.8 -57.85559 -18.4071750640869 1.8 -57.49561 -18.4071750640869 1.8 -57.6756 -18.5871753692627 0
0 34940 -56.62138 -13.8437795639038 0 -56.98137 -13.8437795639038 0 -56.98137 -13.4837789535522 0 -56.62138 -13.4837789535522 0 -56.62138 -13.8437795639038 1.8 -56.98137 -13.8437795639038 1.8 -56.98137 -13.4837789535522 1.8 -56.62138 -13.4837789535522 1.8 -56.80138 -13.663779258728 0
0 32740 43.86791 2.41234111785889 0 43.50791 2.41234111785889 0 43.50791 2.77234125137329 0 43.86791 2.77234125137329 0 43.86791 2.41234111785889 1.8 43.50791 2.41234111785889 1.8 43.50791 2.77234125137329 1.8 43.86791 2.77234125137329 1.8 43.68791 2.59234118461609 0
1 45978 -8.685867 11.4839010238647 0 -9.045868 11.4839010238647 0 -9.045868 11.8439016342163 0 -8.685867 11.8439016342163 0 -8.685867 11.4839010238647 1.8 -9.045868 11.4839010238647 1.8 -9.045868 11.8439016342163 1.8 -8.685867 11.8439016342163 1.8 -8.865868 11.6639013290405 0
1 75608 -10.39754 9.13398838043213 0 -10.75755 9.13398838043213 0 -10.75755 9.49398899078369 0 -10.39754 9.49398899078369 0 -10.39754 9.13398838043213 1.8 -10.75755 9.13398838043213 1.8 -10.75755 9.49398899078369 1.8 -10.39754 9.49398899078369 1.8 -10.57755 9.31398868560791 0
1 35716 -32.92281 2.30394887924194 0 -33.28281 2.30394887924194 0 -33.28281 2.66394901275635 0 -32.92281 2.66394901275635 0 -32.92281 2.30394887924194 1.8 -33.28281 2.30394887924194 1.8 -33.28281 2.66394901275635 1.8 -32.92281 2.66394901275635 1.8 -33.10281 2.48394894599915 0
1 26054 -1.739609 2.08289575576782 0 -2.099609 2.08289575576782 0 -2.099609 2.44289588928223 0 -1.739609 2.44289588928223 0 -1.739609 2.08289575576782 1.8 -2.099609 2.08289575576782 1.8 -2.099609 2.44289588928223 1.8 -1.739609 2.44289588928223 1.8 -1.919609 2.26289582252502 0
1 60288 -57.69676 1.38250190019608 0 -58.05675 1.38250190019608 0 -58.05675 1.74250197410584 0 -57.69676 1.74250197410584 0 -57.69676 1.38250190019608 1.8 -58.05675 1.38250190019608 1.8 -58.05675 1.74250197410584 1.8 -57.69676 1.74250197410584 1.8 -57.87675 1.56250190734863 0
1 39766 -38.42719 -0.0896384716033936 0 -38.78719 -0.0896384716033936 0 -38.78719 0.270361542701721 0 -38.42719 0.270361542701721 0 -38.42719 -0.0896384716033936 1.8 -38.78719 -0.0896384716033936 1.8 -38.78719 0.270361542701721 1.8 -38.42719 0.270361542701721 1.8 -38.60719 0.0903615355491638 0
1 42420 -25.87898 1.68897652626038 0 -26.23898 1.68897652626038 0 -26.23898 2.0489764213562 0 -25.87898 2.0489764213562 0 -25.87898 1.68897652626038 1.8 -26.23898 1.68897652626038 1.8 -26.23898 2.0489764213562 1.8 -25.87898 2.0489764213562 1.8 -26.05898 1.86897647380829 0
1 78036 -41.6245 1.92608642578125 0 -41.9845 1.92608642578125 0 -41.9845 2.28608655929565 0 -41.6245 2.28608655929565 0 -41.6245 1.92608642578125 1.8 -41.9845 1.92608642578125 1.8 -41.9845 2.28608655929565 1.8 -41.6245 2.28608655929565 1.8 -41.8045 2.10608649253845 0
1 76520 -5.359093 3.77490711212158 0 -5.719093 3.77490711212158 0 -5.719093 4.13490724563599 0 -5.359093 4.13490724563599 0 -5.359093 3.77490711212158 1.8 -5.719093 3.77490711212158 1.8 -5.719093 4.13490724563599 1.8 -5.359093 4.13490724563599 1.8 -5.539093 3.95490717887878 0
1 31768 -56.46474 2.61747860908508 0 -56.82472 2.61747860908508 0 -56.82472 2.97747874259949 0 -56.46474 2.97747874259949 0 -56.46474 2.61747860908508 1.8 -56.82472 2.61747860908508 1.8 -56.82472 2.97747874259949 1.8 -56.46474 2.97747874259949 1.8 -56.64473 2.79747867584229 0
1 73898 -35.3394 1.1654372215271 0 -35.6994 1.1654372215271 0 -35.6994 1.52543723583221 0 -35.3394 1.52543723583221 0 -35.3394 1.1654372215271 1.8 -35.6994 1.1654372215271 1.8 -35.6994 1.52543723583221 1.8 -35.3394 1.52543723583221 1.8 -35.5194 1.34543722867966 0
1 62222 -26.73206 0.459795579314232 0 -27.09206 0.459795579314232 0 -27.09206 0.819795608520508 0 -26.73206 0.819795608520508 0 -26.73206 0.459795579314232 1.8 -27.09206 0.459795579314232 1.8 -27.09206 0.819795608520508 1.8 -26.73206 0.819795608520508 1.8 -26.91206 0.639795586466789 0
1 53378 -46.77576 2.80426573753357 0 -47.13577 2.80426573753357 0 -47.13577 3.16426587104797 0 -46.77576 3.16426587104797 0 -46.77576 2.80426573753357 1.8 -47.13577 2.80426573753357 1.8 -47.13577 3.16426587104797 1.8 -46.77576 3.16426587104797 1.8 -46.95576 2.98426580429077 0
1 25076 -30.65234 3.39400053024292 0 -31.01234 3.39400053024292 0 -31.01234 3.75400066375732 0 -30.65234 3.75400066375732 0 -30.65234 3.39400053024292 1.8 -31.01234 3.39400053024292 1.8 -31.01234 3.75400066375732 1.8 -30.65234 3.75400066375732 1.8 -30.83234 3.57400059700012 0
1 59412 44.68947 -8.39281940460205 0 44.32947 -8.39281940460205 0 44.32947 -8.03281879425049 0 44.68947 -8.03281879425049 0 44.68947 -8.39281940460205 1.8 44.32947 -8.39281940460205 1.8 44.32947 -8.03281879425049 1.8 44.68947 -8.03281879425049 1.8 44.50947 -8.21281909942627 0
1 50432 46.4005 -3.51014614105225 0 46.0405 -3.51014614105225 0 46.0405 -3.15014600753784 0 46.4005 -3.15014600753784 0 46.4005 -3.51014614105225 1.8 46.0405 -3.51014614105225 1.8 46.0405 -3.15014600753784 1.8 46.4005 -3.15014600753784 1.8 46.2205 -3.33014607429504 0
1 71658 46.29148 -13.4268865585327 0 45.93148 -13.4268865585327 0 45.93148 -13.0668859481812 0 46.29148 -13.0668859481812 0 46.29148 -13.4268865585327 1.8 45.93148 -13.4268865585327 1.8 45.93148 -13.0668859481812 1.8 46.29148 -13.0668859481812 1.8 46.11148 -13.2468862533569 0
1 35492 -57.5101 -18.1673622131348 0 -57.87009 -18.1673622131348 0 -57.87009 -17.8073616027832 0 -57.5101 -17.8073616027832 0 -57.5101 -18.1673622131348 1.8 -57.87009 -18.1673622131348 1.8 -57.87009 -17.8073616027832 1.8 -57.5101 -17.8073616027832 1.8 -57.69009 -17.987361907959 0
1 34940 -56.60612 -14.4435930252075 0 -56.96611 -14.4435930252075 0 -56.96611 -14.083592414856 0 -56.60612 -14.083592414856 0 -56.60612 -14.4435930252075 1.8 -56.96611 -14.4435930252075 1.8 -56.96611 -14.083592414856 1.8 -56.60612 -14.083592414856 1.8 -56.78612 -14.2635927200317 0
1 32740 44.46787 2.40899729728699 0 44.10787 2.40899729728699 0 44.10787 2.76899743080139 0 44.46787 2.76899743080139 0 44.46787 2.40899729728699 1.8 44.10787 2.40899729728699 1.8 44.10787 2.76899743080139 1.8 44.46787 2.76899743080139 1.8 44.28787 2.58899736404419 0
