0 35800 16.28606 12.2487821578979 0 15.92606 12.2487821578979 0 15.92606 12.6087827682495 0 16.28606 12.6087827682495 0 16.28606 12.2487821578979 1.8 15.92606 12.2487821578979 1.8 15.92606 12.6087827682495 1.8 16.28606 12.6087827682495 1.8 16.10606 12.4287824630737 0
0 75724 9.266464 14.3667783737183 0 8.906464 14.3667783737183 0 8.906464 14.7267789840698 0 9.266464 14.7267789840698 0 9.266464 14.3667783737183 1.8 8.906464 14.3667783737183 1.8 8.906464 14.7267789840698 1.8 9.266464 14.7267789840698 1.8 9.086464 14.546778678894 0
0 22948 7.737137 15.989031791687 0 7.377136 15.989031791687 0 7.377136 16.3490324020386 0 7.737137 16.3490324020386 0 7.737137 15.989031791687 1.8 7.377136 15.989031791687 1.8 7.377136 16.3490324020386 1.8 7.737137 16.3490324020386 1.8 7.557137 16.1690320968628 0
0 83374 4.129417 11.076807975769 0 3.769417 11.076807975769 0 3.769417 11.4368085861206 0 4.129417 11.4368085861206 0 4.129417 11.076807975769 1.8 3.769417 11.076807975769 1.8 3.769417 11.4368085861206 1.8 4.129417 11.4368085861206 1.8 3.949417 11.2568082809448 0
0 38922 13.01174 8.80800533294678 0 12.65174 8.80800533294678 0 12.65174 9.16800594329834 0 13.01174 9.16800594329834 0 13.01174 8.80800533294678 1.8 12.65174 8.80800533294678 1.8 12.65174 9.16800594329834 1.8 13.01174 9.16800594329834 1.8 12.83174 8.98800563812256 0
0 23374 12.16213 10.5109119415283 0 11.80213 10.5109119415283 0 11.80213 10.8709125518799 0 12.16213 10.8709125518799 0 12.16213 10.5109119415283 1.8 11.80213 10.5109119415283 1.8 11.80213 10.8709125518799 1.8 12.16213 10.8709125518799 1.8 11.98213 10.6909122467041 0
0 59652 15.07145 9.97359180450439 0 14.71145 9.97359180450439 0 14.71145 10.333592414856 0 15.07145 10.333592414856 0 15.07145 9.97359180450439 1.8 14.71145 9.97359180450439 1.8 14.71145 10.333592414856 1.8 15.07145 10.333592414856 1.8 14.89145 10.1535921096802 0
0 28100 17.26868 7.50567817687988 0 16.90868 7.50567817687988 0 16.90868 7.86567783355713 0 17.26868 7.86567783355713 0 17.26868 7.50567817687988 1.8 16.90868 7.50567817687988 1.8 16.90868 7.86567783355713 1.8 17.26868 7.86567783355713 1.8 17.08868 7.68567800521851 0
0 81758 16.35896 4.0949764251709 0 15.99896 4.0949764251709 0 15.99896 4.4549765586853 0 16.35896 4.4549765586853 0 16.35896 4.0949764251709 1.8 15.99896 4.0949764251709 1.8 15.99896 4.4549765586853 1.8 16.35896 4.4549765586853 1.8 16.17896 4.2749764919281 0
0 56946 6.507698 7.53826808929443 0 6.147697 7.53826808929443 0 6.147697 7.89826774597168 0 6.507698 7.89826774597168 0 6.507698 7.53826808929443 1.8 6.147697 7.53826808929443 1.8 6.147697 7.89826774597168 1.8 6.507698 7.89826774597168 1.8 6.327698 7.71826791763306 0
0 22294 18.54073 8.34338903427124 0 18.18073 8.34338903427124 0 18.18073 8.70338916778564 0 18.54073 8.70338916778564 0 18.54073 8.34338903427124 1.8 18.18073 8.34338903427124 1.8 18.18073 8.70338916778564 1.8 18.54073 8.70338916778564 1.8 18.36073 8.52338886260986 0
0 45344 11.63421 2.64920020103455 0 11.27421 2.64920020103455 0 11.27421 3.00920033454895 0 11.63421 3.00920033454895 0 11.63421 2.64920020103455 1.8 11.27421 2.64920020103455 1.8 11.27421 3.00920033454895 1.8 11.63421 3.00920033454895 1.8 11.45421 2.82920026779175 0
0 60972 10.57278 2.90823411941528 0 10.21278 2.90823411941528 0 10.21278 3.26823425292969 0 10.57278 3.26823425292969 0 10.57278 2.90823411941528 1.8 10.21278 2.90823411941528 1.8 10.21278 3.26823425292969 1.8 10.57278 3.26823425292969 1.8 10.39278 3.08823418617249 0
0 60556 19.16178 11.1975774765015 0 18.80178 11.1975774765015 0 18.80178 11.557578086853 0 19.16178 11.557578086853 0 19.16178 11.1975774765015 1.8 18.80178 11.1975774765015 1.8 18.80178 11.557578086853 1.8 19.16178 11.557578086853 1.8 18.98178 11.3775777816772 0
0 47094 6.807716 12.4392175674438 0 6.447716 12.4392175674438 0 6.447716 12.7992181777954 0 6.807716 12.7992181777954 0 6.807716 12.4392175674438 1.8 6.447716 12.4392175674438 1.8 6.447716 12.7992181777954 1.8 6.807716 12.7992181777954 1.8 6.627716 12.6192178726196 0
0 63150 5.730392 12.8940544128418 0 5.370392 12.8940544128418 0 5.370392 13.2540550231934 0 5.730392 13.2540550231934 0 5.730392 12.8940544128418 1.8 5.370392 12.8940544128418 1.8 5.370392 13.2540550231934 1.8 5.730392 13.2540550231934 1.8 5.550392 13.0740547180176 0
0 43622 10.91113 8.75445175170898 0 10.55113 8.75445175170898 0 10.55113 9.11445236206055 0 10.91113 9.11445236206055 0 10.91113 8.75445175170898 1.8 10.55113 8.75445175170898 1.8 10.55113 9.11445236206055 1.8 10.91113 9.11445236206055 1.8 10.73113 8.93445205688477 0
0 22214 18.73378 4.38950371742249 0 18.37378 4.38950371742249 0 18.37378 4.74950361251831 0 18.73378 4.74950361251831 0 18.73378 4.38950371742249 1.8 18.37378 4.38950371742249 1.8 18.37378 4.74950361251831 1.8 18.73378 4.74950361251831 1.8 18.55378 4.56950378417969 0
1 35800 15.68639 12.2279682159424 0 15.32639 12.2279682159424 0 15.32639 12.5879688262939 0 15.68639 12.5879688262939 0 15.68639 12.2279682159424 1.8 15.32639 12.2279682159424 1.8 15.32639 12.5879688262939 1.8 15.68639 12.5879688262939 1.8 15.50639 12.4079685211182 0
1 75724 9.238235 14.9661149978638 0 8.878235 14.9661149978638 0 8.878235 15.3261156082153 0 9.238235 15.3261156082153 0 9.238235 14.9661149978638 1.8 8.878235 14.9661149978638 1.8 8.878235 15.3261156082153 1.8 9.238235 15.3261156082153 1.8 9.058235 15.1461153030396 0
1 83374 4.112442 10.4770421981812 0 3.752441 10.4770421981812 0 3.752441 10.8370428085327 0 4.112442 10.8370428085327 0 4.112442 10.4770421981812 1.8 3.752441 10.4770421981812 1.8 3.752441 10.8370428085327 1.8 4.112442 10.8370428085327 1.8 3.932442 10.6570425033569 0
1 38922 12.42943 8.66366672515869 0 12.06943 8.66366672515869 0 12.06943 9.02366733551025 0 12.42943 9.02366733551025 0 12.42943 8.66366672515869 1.8 12.06943 8.66366672515869 1.8 12.06943 9.02366733551025 1.8 12.42943 9.02366733551025 1.8 12.24943 8.84366703033447 0
1 23374 12.74445 10.6552505493164 0 12.38445 10.6552505493164 0 12.38445 11.015251159668 0 12.74445 11.015251159668 0 12.74445 10.6552505493164 1.8 12.38445 10.6552505493164 1.8 12.38445 11.015251159668 1.8 12.74445 11.015251159668 1.8 12.56445 10.8352508544922 0
1 59652 15.63087 9.75653553009033 0 15.27087 9.75653553009033 0 15.27087 10.1165361404419 0 15.63087 10.1165361404419 0 15.63087 9.75653553009033 1.8 15.27087 9.75653553009033 1.8 15.27087 10.1165361404419 1.8 15.63087 10.1165361404419 1.8 15.45087 9.93653583526611 0
1 28100 16.70859 7.72082710266113 0 16.34859 7.72082710266113 0 16.34859 8.08082675933838 0 16.70859 8.08082675933838 0 16.70859 7.72082710266113 1.8 16.34859 7.72082710266113 1.8 16.34859 8.08082675933838 1.8 16.70859 8.08082675933838 1.8 16.52859 7.90082693099976 0
1 81758 15.75891 4.10055541992188 0 15.39891 4.10055541992188 0 15.39891 4.46055555343628 0 15.75891 4.46055555343628 0 15.75891 4.10055541992188 1.8 15.39891 4.10055541992188 1.8 15.39891 4.46055555343628 1.8 15.75891 4.46055555343628 1.8 15.57891 4.28055548667908 0
1 56946 6.583611 6.94309186935425 0 6.22361 6.94309186935425 0 6.22361 7.30309152603149 0 6.583611 7.30309152603149 0 6.583611 6.94309186935425 1.8 6.22361 6.94309186935425 1.8 6.22361 7.30309152603149 1.8 6.583611 7.30309152603149 1.8 6.40361 7.12309169769287 0
1 22294 18.96477 8.73166179656982 0 18.60477 8.73166179656982 0 18.60477 9.09166240692139 0 18.96477 9.09166240692139 0 18.96477 8.73166179656982 1.8 18.60477 8.73166179656982 1.8 18.60477 9.09166240692139 1.8 18.96477 9.09166240692139 1.8 18.78477 8.91166210174561 0
1 45344 12.23426 2.64273309707642 0 11.87426 2.64273309707642 0 11.87426 3.00273323059082 0 12.23426 3.00273323059082 0 12.23426 2.64273309707642 1.8 11.87426 2.64273309707642 1.8 11.87426 3.00273323059082 1.8 12.23426 3.00273323059082 1.8 12.05426 2.82273316383362 0
1 60972 9.972725 2.90156435966492 0 9.612724 2.90156435966492 0 9.612724 3.26156449317932 0 9.972725 3.26156449317932 0 9.972725 2.90156435966492 1.8 9.612724 2.90156435966492 1.8 9.612724 3.26156449317932 1.8 9.972725 3.26156449317932 1.8 9.792725 3.08156442642212 0
1 60556 19.23178 10.601674079895 0 18.87178 10.601674079895 0 18.87178 10.9616746902466 0 19.23178 10.9616746902466 0 19.23178 10.601674079895 1.8 18.87178 10.601674079895 1.8 18.87178 10.9616746902466 1.8 19.23178 10.9616746902466 1.8 19.05178 10.7816743850708 0
1 47094 7.407387 12.4213600158691 0 7.047386 12.4213600158691 0 7.047386 12.7813606262207 0 7.407387 12.7813606262207 0 7.407387 12.4213600158691 1.8 7.047386 12.4213600158691 1.8 7.047386 12.7813606262207 1.8 7.407387 12.7813606262207 1.8 7.227386 12.6013603210449 0
1 63150 5.131866 12.9364929199219 0 4.771866 12.9364929199219 0 4.771866 13.2964935302734 0 5.131866 13.2964935302734 0 5.131866 12.9364929199219 1.8 4.771866 12.9364929199219 1.8 4.771866 13.2964935302734 1.8 5.131866 13.2964935302734 1.8 4.951866 13.1164932250977 0
1 43622 11.24091 8.25315523147583 0 10.88091 8.25315523147583 0 10.88091 8.61315536499023 0 11.24091 8.61315536499023 0 11.24091 8.25315523147583 1.8 10.88091 8.25315523147583 1.8 10.88091 8.61315536499023 1.8 11.24091 8.61315536499023 1.8 11.06091 8.43315505981445 0
1 22214 18.13391 4.37579464912415 0 17.77391 4.37579464912415 0 17.77391 4.73579454421997 0 18.13391 4.73579454421997 0 18.13391 4.37579464912415 1.8 17.77391 4.37579464912415 1.8 17.77391 4.73579454421997 1.8 18.13391 4.73579454421997 1.8 17.95391 4.55579471588135 0
