0 45978 1291.768 366.3384 1293.329 365.6605 1282.278 365.3115 1280.614 365.9824 1296.937 311.3084 1298.469 311.1813 1287.221 311.1158 1285.581 311.2416 1286.987 365.821
0 75608 1410.34 366.5103 1410.711 365.829 1399.017 365.4783 1398.53 366.1524 1417.374 311.3406 1417.678 311.2129 1405.768 311.1472 1405.343 311.2736 1404.635 365.9903
0 35716 1559.918 343.1675 1559.171 342.8741 1550.959 342.7223 1551.649 343.0137 1566.022 306.9863 1565.228 306.9319 1556.912 306.9037 1557.648 306.9578 1555.416 342.9437
0 26054 1726.024 404.164 1721.678 402.5225 1701.117 401.6844 1705.105 403.2993 1744.81 318.4642 1740.058 318.1511 1718.853 317.9913 1723.223 318.2992 1713.422 402.9094
0 60288 1547.591 329.3136 1547.133 329.1747 1541.499 329.1025 1541.93 329.2408 1551.688 304.4241 1551.208 304.3985 1545.525 304.3852 1545.978 304.4106 1544.534 329.2077
0 39766 1600.614 339.9366 1599.671 339.6843 1591.923 339.5536 1592.814 339.8043 1606.653 306.3873 1605.664 306.3406 1597.824 306.3164 1598.76 306.3629 1596.248 339.7443
0 42420 1593.175 350.1592 1592.057 349.7664 1582.433 349.5634 1583.473 349.9531 1600.646 308.2856 1599.457 308.2125 1589.691 308.1747 1590.799 308.2473 1587.772 349.8596
0 78036 1549.488 336.4145 1548.913 336.2036 1541.972 336.0942 1542.506 336.304 1554.564 305.7354 1553.956 305.6963 1546.94 305.6761 1547.507 305.7149 1545.714 336.2536
0 76520 1600.33 383.0714 1598.415 382.0182 1582.694 381.4779 1584.399 382.5173 1612.827 314.4584 1610.715 314.2595 1594.612 314.1573 1596.503 314.3537 1591.428 382.267
0 31768 1511.731 329.2877 1511.437 329.149 1505.892 329.077 1506.161 329.215 1515.575 304.4193 1515.261 304.3937 1509.669 304.3804 1509.956 304.4059 1508.802 329.182
0 73898 1577.297 340.8146 1576.481 340.5515 1568.644 340.4153 1569.408 340.6767 1583.242 306.55 1582.38 306.5012 1574.449 306.476 1575.257 306.5245 1572.95 340.6141
0 62222 1624.761 349.9512 1623.407 349.5616 1613.698 349.3602 1614.972 349.7468 1632.573 308.2469 1631.143 308.1744 1621.29 308.137 1622.638 308.2089 1619.198 349.654
0 53378 1528.916 334.0016 1528.486 333.8168 1522.043 333.721 1522.438 333.9048 1533.498 305.2893 1533.041 305.2552 1526.534 305.2375 1526.955 305.2714 1525.466 333.8607
0 25076 1536.684 343.5794 1536.086 343.2806 1527.879 343.1259 1528.42 343.4227 1542.607 307.0627 1541.963 307.0073 1533.652 306.9786 1534.237 307.0337 1532.259 343.3516
0 59412 772.7486 215.9935 764.2429 214.9485 774.7731 214.3916 783.2026 215.4504 776.2094 284.0602 767.9056 283.8771 778.2614 283.7796 786.4911 283.965 773.7512 215.2002
0 50432 999.1321 211.4515 993.1677 210.288 1005.891 209.6673 1011.729 210.847 998.3701 283.2653 992.5132 283.062 1004.98 282.9536 1010.715 283.1597 1002.478 210.5684
0 71658 706.874 225.1102 698.5762 224.2838 707.5408 223.8442 715.7869 224.6805 711.046 285.6603 702.9325 285.515 711.772 285.4377 719.8351 285.5847 707.2045 224.4826
0 35492 1903.085 333.9651 1900.691 333.7806 1893.235 333.685 1895.584 333.8684 1910.673 305.2825 1908.219 305.2485 1900.683 305.2308 1903.09 305.2647 1898.14 333.8244
0 34940 1808.414 333.1108 1806.562 332.9353 1799.538 332.8442 1801.348 333.0189 1815.073 305.1248 1813.172 305.0923 1806.076 305.0755 1807.934 305.1077 1803.958 332.9771
0 32740 1177.446 190.4997 1172.981 188.7057 1190.403 187.744 1194.621 189.5692 1172.221 279.6199 1167.78 279.3093 1184.728 279.1429 1188.935 279.4587 1183.843 189.1391
1 45978 1310.709 366.8884 1312.091 366.1993 1300.852 365.8447 1299.363 366.5263 1316.218 311.4116 1317.564 311.2824 1306.122 311.2159 1304.665 311.3437 1305.743 366.3624
1 75608 1390.703 365.9669 1391.266 365.2964 1379.766 364.9512 1379.09 365.6147 1397.375 311.2387 1397.88 311.113 1386.169 311.0484 1385.547 311.1727 1385.193 365.4552
1 35716 1558.615 342.6795 1557.885 342.3925 1549.767 342.244 1550.441 342.5289 1564.639 306.8959 1563.862 306.8426 1555.642 306.815 1556.362 306.8679 1554.169 342.4606
1 26054 1719.378 401.478 1715.241 399.9185 1695.243 399.1219 1699.04 400.6567 1737.513 317.9521 1732.998 317.6548 1712.39 317.5031 1716.546 317.7955 1707.17 400.2863
1 60288 1538.158 329.1877 1537.745 329.05 1532.156 328.9785 1532.543 329.1156 1542.173 304.4009 1541.738 304.3754 1536.101 304.3623 1536.509 304.3876 1535.147 329.0828
1 39766 1598.792 339.5137 1597.871 339.2665 1590.207 339.1384 1591.078 339.384 1604.751 306.309 1603.785 306.2632 1596.031 306.2394 1596.947 306.285 1594.479 339.3252
1 42420 1591.422 349.5099 1590.331 349.127 1580.834 348.929 1581.849 349.309 1598.777 308.1649 1597.617 308.0935 1587.982 308.0568 1589.063 308.1274 1586.097 349.2178
1 78036 1550.702 336.7753 1550.115 336.5602 1543.103 336.4488 1543.649 336.6626 1555.838 305.8021 1555.216 305.7623 1548.13 305.7417 1548.709 305.7813 1546.886 336.6113
1 76520 1603.215 384.8718 1601.222 383.7734 1585.153 383.2103 1586.926 384.294 1616.041 314.7988 1613.842 314.5912 1597.374 314.4847 1599.342 314.6896 1594.096 384.033
1 31768 1520.135 329.4149 1519.802 329.2751 1514.214 329.2025 1514.521 329.3416 1524.054 304.4427 1523.7 304.417 1518.064 304.4036 1518.391 304.4293 1517.164 329.3083
1 73898 1578.947 341.2653 1578.111 340.9965 1570.186 340.8573 1570.968 341.1243 1584.972 306.6336 1584.09 306.5837 1576.068 306.5579 1576.895 306.6074 1574.545 341.0603
1 62222 1621.499 349.2854 1620.187 348.9058 1610.615 348.7096 1611.85 349.0862 1629.17 308.123 1627.785 308.0524 1618.073 308.0159 1619.379 308.086 1616.026 348.9958
1 53378 1527.095 333.6799 1526.678 333.4984 1520.298 333.4042 1520.681 333.5847 1531.62 305.2299 1531.177 305.1964 1524.734 305.179 1525.142 305.2123 1523.683 333.5414
1 25076 1537.763 344.0878 1537.151 343.7822 1528.848 343.624 1529.401 343.9274 1543.765 307.1571 1543.106 307.1004 1534.696 307.071 1535.296 307.1274 1533.282 343.8547
1 59412 789.8622 215.0364 781.4751 213.967 792.2451 213.3969 800.5511 214.4807 793.0422 283.8925 784.8538 283.7053 795.4408 283.6055 803.5508 283.7953 791.0421 214.2246
1 50432 978.8074 212.4924 972.6476 211.3566 985.0748 210.7508 991.1143 211.9022 978.4455 283.4474 972.4012 283.2488 984.5827 283.1429 990.5114 283.3441 981.9099 211.6303
1 71658 692.6362 225.8525 684.2649 225.0427 693.0542 224.6121 701.3768 225.4313 696.9992 285.7908 688.8136 285.6484 697.4832 285.5727 705.6211 285.7168 692.8435 225.2375
1 35492 1890.515 333.7969 1888.198 333.6143 1880.812 333.5195 1883.084 333.7012 1897.966 305.2515 1895.591 305.2177 1888.126 305.2002 1890.455 305.2338 1885.644 333.6577
1 34940 1820.353 333.2729 1818.431 333.0956 1811.342 333.0037 1813.222 333.1799 1827.137 305.1547 1825.166 305.1219 1818.003 305.1049 1819.932 305.1375 1815.829 333.1378
1 32740 1184.419 193.3712 1180.186 191.6718 1197.196 190.7614 1201.193 192.4894 1179.166 280.1175 1174.951 279.8229 1191.51 279.6652 1195.5 279.9646 1190.73 192.0822
