0 35800 686.0868 483.4146 716.0762 481.3943 713.0311 476.2551 683.8624 478.1627 674.0939 333.8732 705.5182 333.4732 702.6549 332.4573 672.1306 332.8341 699.8254 479.764
0 75724 1102.307 431.8094 1120.685 430.7577 1110.171 428.0531 1092.091 429.0619 1106.741 323.7743 1125.651 323.5712 1114.715 323.0488 1096.119 323.2436 1106.295 429.9043
0 22948 1130.377 416.6221 1146.474 415.7962 1136.661 413.6653 1120.792 414.4613 1135.063 320.8486 1151.566 320.6902 1141.395 320.2815 1125.131 320.4341 1133.559 415.1249
0 83374 1492.855 443.2233 1509.446 441.9841 1489.423 438.8051 1473.035 439.9896 1510.933 325.9869 1527.921 325.7462 1506.817 325.129 1490.037 325.3589 1491.112 440.9798
0 38922 1048.769 523.7302 1080.396 520.738 1064.325 513.1906 1033.578 515.9814 1053.55 341.9364 1086.79 341.3326 1069.667 339.8134 1037.398 340.3745 1056.733 518.334
0 23374 1049.792 486.151 1076.182 484.0707 1062.812 478.7818 1037.038 480.7443 1053.785 334.4155 1081.288 334.0031 1067.195 332.9564 1040.36 333.3445 1056.432 482.3924
0 59652 823.1029 515.4158 856.4688 512.6395 848.3132 505.6241 815.9536 508.2202 816.0159 340.2607 851.1813 339.7026 842.8057 338.296 808.7567 338.816 835.9998 510.4067
0 28100 596.0057 614.9402 648.6443 609.0604 646.7338 594.5059 596.5749 599.8422 567.8325 360.766 625.0278 359.5269 624.1674 356.4747 569.8881 357.5912 622.2164 604.3817
0 62036 1457.488 429.4518 1472.783 428.437 1455.356 425.8256 1440.238 426.7999 1472.707 323.3189 1488.344 323.1229 1470.076 322.6191 1454.622 322.8071 1456.407 427.6132
0 81758 822.7938 850.8114 906.1866 833.1281 882.8752 791.3699 805.489 806.3584 803.1128 413.5988 898.749 409.4143 873.1539 399.6833 785.3435 403.1521 854.5446 819.3993
0 56946 1616.507 500.0381 1638.075 497.6398 1606.571 491.5604 1585.303 493.8134 1647.965 337.1791 1670.16 336.7006 1636.187 335.4899 1614.295 335.9382 1611.432 495.708
0 22294 416.7923 599.9602 470.1585 594.6198 476.3347 581.3598 425.5087 586.2281 376.887 357.6159 434.8578 356.4985 443.1489 353.7366 388.1595 354.7485 447.5119 590.3636
0 45344 1937.024 808.6898 1981.188 793.5653 1881.227 757.5541 1837.541 770.528 2065.072 403.6942 2110.552 400.1898 1988.443 391.9542 1942.909 394.9039 1907.652 781.772
0 27358 1799.65 477.9148 1816.925 476.0124 1783.864 471.1677 1766.721 472.9669 1835.271 332.7852 1852.877 332.4094 1817.445 331.4542 1799.961 331.8088 1791.605 474.4764
0 60556 400.9727 522.2759 440.9622 519.322 446.6057 511.869 408.0587 514.6252 371.067 341.6428 413.5823 341.0471 420.4855 339.5479 379.5953 340.1017 424.3333 516.9484
0 47094 1296.018 440.0742 1313.903 438.8882 1298.555 435.8438 1280.935 436.9785 1307.161 325.3754 1325.537 325.1451 1309.435 324.5551 1291.337 324.7748 1297.306 437.9268
0 63150 1328.753 432.8821 1345.473 431.8134 1330.232 429.0658 1313.74 430.0906 1340.339 323.9819 1357.484 323.7751 1341.523 323.2443 1324.616 323.4422 1329.502 430.9464
0 43622 1225.197 508.3572 1252.5 505.7579 1232.009 499.18 1205.335 501.6158 1238.456 338.8434 1266.934 338.3227 1244.984 337.0078 1217.187 337.4942 1228.679 503.6659
0 22214 138.7366 945.6865 261.4699 921.5344 292.6254 865.538 182.4133 885.4719 -2.804375 436.7226 146.3176 430.7258 193.9651 417.113 62.79436 421.9131 220.7623 902.9656
1 35800 735.8929 480.3754 764.8574 478.4207 760.509 473.4453 732.3096 475.2926 726.2491 333.2715 756.5543 332.885 752.2657 331.903 722.7974 332.2673 748.4405 476.8429
1 75724 1086.942 427.2198 1104.808 426.2391 1094.963 423.7148 1077.379 424.6568 1090.757 322.8881 1109.126 322.6989 1098.905 322.2125 1080.834 322.3939 1091.008 425.443
1 83374 1528.778 448.8892 1545.694 447.5512 1524.075 444.123 1507.363 445.3997 1548.859 327.0896 1566.181 326.8289 1543.335 326.1619 1526.222 326.4102 1526.389 446.4677
1 38922 1106.491 522.0553 1137.123 519.1072 1119.251 511.6685 1089.436 514.4196 1114.319 341.5983 1146.457 341.0038 1127.345 339.5078 1096.104 340.0604 1113.023 516.7382
1 23374 1001.057 487.329 1028.155 485.2225 1016.083 479.8687 989.6395 481.8552 1002.894 334.6494 1031.17 334.2314 1018.49 333.1714 990.9257 333.5644 1008.722 483.5236
1 59652 772.9896 524.6515 808.4288 521.6349 801.5822 514.0274 767.2795 516.8402 762.8732 342.1224 800.3448 341.5135 793.4365 339.9816 757.2336 340.5474 787.6301 519.2115
1 28100 675.1067 597.1982 723.452 591.9545 718.3173 578.9271 672.0697 583.7113 654.3837 357.0376 706.5696 355.9419 701.8871 353.2317 652.1381 354.225 697.3943 587.7741
1 62036 1433.151 424.9 1448.1 423.9542 1431.745 421.5187 1416.968 422.4279 1447.106 322.4408 1462.385 322.2585 1445.274 321.7898 1430.173 321.9646 1432.439 423.1863
1 81758 958.4357 821.2811 1033.382 805.412 1001.726 767.7211 931.6016 781.285 958.225 406.6324 1042.93 402.9324 1006.703 394.2641 928.1044 397.3643 981.2501 793.0541
1 56946 1667.989 511.8214 1690.155 509.1359 1655.207 502.3451 1633.334 504.8589 1704.002 339.5385 1726.803 338.9995 1688.919 337.6401 1666.409 338.1427 1661.452 506.9754
1 22294 364.2384 591.1138 416.9689 586.08 425.2928 573.5584 375.0389 578.1594 321.8496 355.7665 379.0439 354.7177 389.6855 352.1199 335.3883 353.0726 395.7109 582.0643
1 45344 1859.002 836.8892 1907.972 820.0728 1808.657 780.2544 1760.587 794.5643 1984.25 410.3012 2035.36 406.3494 1912.917 397.1279 1862.236 400.4203 1832.431 806.9985
1 27358 1845.048 487.4638 1862.727 485.3544 1826.656 479.9931 1809.095 481.9824 1884.687 334.6761 1902.686 334.2576 1863.868 333.196 1845.971 333.5896 1835.667 483.653
1 60556 379.6394 536.8651 422.5033 533.5157 429.1604 525.0906 387.948 528.2021 346.4492 344.597 392.2214 343.9171 400.3855 342.2111 356.4892 342.8403 405.0278 530.8285
1 47094 1266.288 442.2567 1284.7 441.0339 1269.766 437.8964 1251.638 439.0656 1276.607 325.7991 1295.543 325.5615 1279.875 324.9529 1261.238 325.1795 1268.054 440.0429
1 63150 1354.557 430.7883 1370.816 429.7525 1355.29 427.0886 1339.245 428.0823 1366.755 323.577 1383.413 323.377 1367.157 322.8628 1350.721 323.0545 1354.929 428.9121
1 43622 1228.649 521.2109 1257.559 518.285 1235.699 510.9008 1207.492 513.6319 1242.948 341.4279 1273.178 340.8383 1249.658 339.3536 1220.193 339.9021 1232.257 515.9336
1 22214 337.287 908.6585 446.2382 887.1465 460.0437 836.9146 361.1656 854.8538 237.0973 427.5601 366.9439 422.3187 390.3867 410.3071 274.5484 414.5607 402.5013 870.5443
