0 39644 0.8563309 44.2002182006836 0 0.4963303 44.2002182006836 0 0.4963303 44.5602188110352 0 0.8563309 44.5602188110352 0 0.8563309 44.2002182006836 1.8 0.4963303 44.2002182006836 1.8 0.4963303 44.5602188110352 1.8 0.8563309 44.5602188110352 1.8 0.6763306 44.3802185058594 0
0 80494 4.315651 26.5123023986816 0 3.95565 26.5123023986816 0 3.95565 26.8723030090332 0 4.315651 26.8723030090332 0 4.315651 26.5123023986816 1.8 3.95565 26.5123023986816 1.8 3.95565 26.8723030090332 1.8 4.315651 26.8723030090332 1.8 4.135651 26.6923027038574 0
0 45718 5.002434 44.7624549865723 0 4.642433 44.7624549865723 0 4.642433 45.1224555969238 0 5.002434 45.1224555969238 0 5.002434 44.7624549865723 1.8 4.642433 44.7624549865723 1.8 4.642433 45.1224555969238 1.8 5.002434 45.1224555969238 1.8 4.822433 44.942455291748 0
0 68038 4.225891 20.712366104126 0 3.865891 20.712366104126 0 3.865891 21.0723667144775 0 4.225891 21.0723667144775 0 4.225891 20.712366104126 1.8 3.865891 20.712366104126 1.8 3.865891 21.0723667144775 1.8 4.225891 21.0723667144775 1.8 4.045891 20.8923664093018 0
0 37572 4.204994 39.3148040771484 0 3.844994 39.3148040771484 0 3.844994 39.6748046875 0 4.204994 39.6748046875 0 4.204994 39.3148040771484 1.8 3.844994 39.3148040771484 1.8 3.844994 39.6748046875 1.8 4.204994 39.6748046875 1.8 4.024994 39.4948043823242 0
0 46746 4.799248 44.4964370727539 0 4.439247 44.4964370727539 0 4.439247 44.8564376831055 0 4.799248 44.8564376831055 0 4.799248 44.4964370727539 1.8 4.439247 44.4964370727539 1.8 4.439247 44.8564376831055 1.8 4.799248 44.8564376831055 1.8 4.619247 44.6764373779297 0
0 53698 5.89669 35.0933303833008 0 5.53669 35.0933303833008 0 5.53669 35.4533309936523 0 5.89669 35.4533309936523 0 5.89669 35.0933303833008 1.8 5.53669 35.0933303833008 1.8 5.53669 35.4533309936523 1.8 5.89669 35.4533309936523 1.8 5.71669 35.2733306884766 0
0 45872 2.425423 35.4397430419922 0 2.065422 35.4397430419922 0 2.065422 35.7997436523438 0 2.425423 35.7997436523438 0 2.425423 35.4397430419922 1.8 2.065422 35.4397430419922 1.8 2.065422 35.7997436523438 1.8 2.425423 35.7997436523438 1.8 2.245422 35.619743347168 0
0 29272 2.793991 46.3129615783691 0 2.43399 46.3129615783691 0 2.43399 46.6729621887207 0 2.793991 46.6729621887207 0 2.793991 46.3129615783691 1.8 2.43399 46.3129615783691 1.8 2.43399 46.6729621887207 1.8 2.793991 46.6729621887207 1.8 2.613991 46.4929618835449 0
0 46382 2.096474 17.351001739502 0 1.736473 17.351001739502 0 1.736473 17.7110023498535 0 2.096474 17.7110023498535 0 2.096474 17.351001739502 1.8 1.736473 17.351001739502 1.8 1.736473 17.7110023498535 1.8 2.096474 17.7110023498535 1.8 1.916473 17.5310020446777 0
0 59480 3.078094 36.31787109375 0 2.718094 36.31787109375 0 2.718094 36.6778717041016 0 3.078094 36.6778717041016 0 3.078094 36.31787109375 1.8 2.718094 36.31787109375 1.8 2.718094 36.6778717041016 1.8 3.078094 36.6778717041016 1.8 2.898094 36.4978713989258 0
0 30402 0.8346252 48.2106971740723 0 0.4746246 48.2106971740723 0 0.4746246 48.5706977844238 0 0.8346252 48.5706977844238 0 0.8346252 48.2106971740723 1.8 0.4746246 48.2106971740723 1.8 0.4746246 48.5706977844238 1.8 0.8346252 48.5706977844238 1.8 0.6546249 48.390697479248 0
0 72936 35.23764 4.79668569564819 0 34.87764 4.79668569564819 0 34.87764 5.15668535232544 0 35.23764 5.15668535232544 0 35.23764 4.79668569564819 1.8 34.87764 4.79668569564819 1.8 34.87764 5.15668535232544 1.8 35.23764 5.15668535232544 1.8 35.05764 4.97668552398682 0
0 35832 5.81736 29.6489925384521 0 5.457359 29.6489925384521 0 5.457359 30.0089931488037 0 5.81736 30.0089931488037 0 5.81736 29.6489925384521 1.8 5.457359 29.6489925384521 1.8 5.457359 30.0089931488037 1.8 5.81736 30.0089931488037 1.8 5.63736 29.8289928436279 0
0 23090 41.49265 5.22392272949219 0 41.13265 5.22392272949219 0 41.13265 5.58392238616943 0 41.49265 5.58392238616943 0 41.49265 5.22392272949219 1.8 41.13265 5.22392272949219 1.8 41.13265 5.58392238616943 1.8 41.49265 5.58392238616943 1.8 41.31265 5.40392255783081 0
0 54016 38.70626 5.83857774734497 0 38.34626 5.83857774734497 0 38.34626 6.19857740402222 0 38.70626 6.19857740402222 0 38.70626 5.83857774734497 1.8 38.34626 5.83857774734497 1.8 38.34626 6.19857740402222 1.8 38.70626 6.19857740402222 1.8 38.52626 6.01857757568359 0
1 39644 0.2566605 44.221866607666 0 -0.1033401 44.221866607666 0 -0.1033401 44.5818672180176 0 0.2566605 44.5818672180176 0 0.2566605 44.221866607666 1.8 -0.1033401 44.221866607666 1.8 -0.1033401 44.5818672180176 1.8 0.2566605 44.5818672180176 1.8 0.07666016 44.4018669128418 0
1 80494 4.35952 25.9139194488525 0 3.999519 25.9139194488525 0 3.999519 26.2739200592041 0 4.35952 26.2739200592041 0 4.35952 25.9139194488525 1.8 3.999519 25.9139194488525 1.8 3.999519 26.2739200592041 1.8 4.35952 26.2739200592041 1.8 4.17952 26.0939197540283 0
1 45718 4.506645 44.6354522705078 0 4.146645 44.6354522705078 0 4.146645 44.9954528808594 0 4.506645 44.9954528808594 0 4.506645 44.6354522705078 1.8 4.146645 44.6354522705078 1.8 4.146645 44.9954528808594 1.8 4.506645 44.9954528808594 1.8 4.326645 44.8154525756836 0
1 68038 4.19194 21.3114166259766 0 3.83194 21.3114166259766 0 3.83194 21.6714172363281 0 4.19194 21.6714172363281 0 4.19194 21.3114166259766 1.8 3.83194 21.3114166259766 1.8 3.83194 21.6714172363281 1.8 4.19194 21.6714172363281 1.8 4.01194 21.4914169311523 0
1 37572 4.171043 39.9138069152832 0 3.811043 39.9138069152832 0 3.811043 40.2738075256348 0 4.171043 40.2738075256348 0 4.171043 39.9138069152832 1.8 3.811043 39.9138069152832 1.8 3.811043 40.2738075256348 1.8 4.171043 40.2738075256348 1.8 3.991043 40.093807220459 0
1 46746 4.737831 45.0932464599609 0 4.377831 45.0932464599609 0 4.377831 45.4532470703125 0 4.737831 45.4532470703125 0 4.737831 45.0932464599609 1.8 4.377831 45.0932464599609 1.8 4.377831 45.4532470703125 1.8 4.737831 45.4532470703125 1.8 4.557831 45.2732467651367 0
1 53698 5.882004 34.4934692382813 0 5.522003 34.4934692382813 0 5.522003 34.8534698486328 0 5.882004 34.8534698486328 0 5.882004 34.4934692382813 1.8 5.522003 34.4934692382813 1.8 5.522003 34.8534698486328 1.8 5.882004 34.8534698486328 1.8 5.702003 34.673469543457 0
1 45872 2.429047 34.839786529541 0 2.069046 34.839786529541 0 2.069046 35.1997871398926 0 2.429047 35.1997871398926 0 2.429047 34.839786529541 1.8 2.069046 34.839786529541 1.8 2.069046 35.1997871398926 1.8 2.429047 35.1997871398926 1.8 2.249046 35.0197868347168 0
1 29272 2.799522 45.713005065918 0 2.439522 45.713005065918 0 2.439522 46.0730056762695 0 2.799522 46.0730056762695 0 2.799522 45.713005065918 1.8 2.439522 45.713005065918 1.8 2.439522 46.0730056762695 1.8 2.799522 46.0730056762695 1.8 2.619522 45.8930053710938 0
1 46382 2.101242 17.9510059356689 0 1.741241 17.9510059356689 0 1.741241 18.3110065460205 0 2.101242 18.3110065460205 0 2.101242 17.9510059356689 1.8 1.741241 17.9510059356689 1.8 1.741241 18.3110065460205 1.8 2.101242 18.3110065460205 1.8 1.921242 18.1310062408447 0
1 59480 3.081146 36.9178276062012 0 2.721146 36.9178276062012 0 2.721146 37.2778282165527 0 3.081146 37.2778282165527 0 3.081146 36.9178276062012 1.8 2.721146 36.9178276062012 1.8 2.721146 37.2778282165527 1.8 3.081146 37.2778282165527 1.8 2.901146 37.097827911377 0
1 30402 0.2349548 48.2300567626953 0 -0.1250458 48.2300567626953 0 -0.1250458 48.5900573730469 0 0.2349548 48.5900573730469 0 0.2349548 48.2300567626953 1.8 -0.1250458 48.2300567626953 1.8 -0.1250458 48.5900573730469 1.8 0.2349548 48.5900573730469 1.8 0.05495453 48.4100570678711 0
1 72936 34.63826 4.82434225082397 0 34.27826 4.82434225082397 0 34.27826 5.18434190750122 0 34.63826 5.18434190750122 0 34.63826 4.82434225082397 1.8 34.27826 4.82434225082397 1.8 34.27826 5.18434190750122 1.8 34.63826 5.18434190750122 1.8 34.45826 5.0043420791626 0
1 35832 5.834335 30.24875831604 0 5.474335 30.24875831604 0 5.474335 30.6087589263916 0 5.834335 30.6087589263916 0 5.834335 30.24875831604 1.8 5.474335 30.24875831604 1.8 5.474335 30.6087589263916 1.8 5.834335 30.6087589263916 1.8 5.654335 30.4287586212158 0
1 23090 42.09156 5.25966167449951 0 41.73156 5.25966167449951 0 41.73156 5.61966133117676 0 42.09156 5.61966133117676 0 42.09156 5.25966167449951 1.8 41.73156 5.25966167449951 1.8 41.73156 5.61966133117676 1.8 42.09156 5.61966133117676 1.8 41.91156 5.43966150283813 0
1 54016 38.10735 5.80233812332153 0 37.74735 5.80233812332153 0 37.74735 6.16233777999878 0 38.10735 6.16233777999878 0 38.10735 5.80233812332153 1.8 37.74735 5.80233812332153 1.8 37.74735 6.16233777999878 1.8 38.10735 6.16233777999878 1.8 37.92735 5.98233795166016 0
