0 60222 2.055214 5.33715152740479 0 1.695213 5.33715152740479 0 1.695213 5.69715118408203 0 2.055214 5.69715118408203 0 2.055214 5.33715152740479 1.8 1.695213 5.33715152740479 1.8 1.695213 5.69715118408203 1.8 2.055214 5.69715118408203 1.8 1.875214 5.51715135574341 0
0 83374 4.129417 11.076807975769 0 3.769417 11.076807975769 0 3.769417 11.4368085861206 0 4.129417 11.4368085861206 0 4.129417 11.076807975769 1.8 3.769417 11.076807975769 1.8 3.769417 11.4368085861206 1.8 4.129417 11.4368085861206 1.8 3.949417 11.2568082809448 0
0 38922 13.01174 8.80800533294678 0 12.65174 8.80800533294678 0 12.65174 9.16800594329834 0 13.01174 9.16800594329834 0 13.01174 8.80800533294678 1.8 12.65174 8.80800533294678 1.8 12.65174 9.16800594329834 1.8 13.01174 9.16800594329834 1.8 12.83174 8.98800563812256 0
0 23374 12.16213 10.5109119415283 0 11.80213 10.5109119415283 0 11.80213 10.8709125518799 0 12.16213 10.8709125518799 0 12.16213 10.5109119415283 1.8 11.80213 10.5109119415283 1.8 11.80213 10.8709125518799 1.8 12.16213 10.8709125518799 1.8 11.98213 10.6909122467041 0
0 62036 3.329384 12.4313278198242 0 2.969383 12.4313278198242 0 2.969383 12.7913284301758 0 3.329384 12.7913284301758 0 3.329384 12.4313278198242 1.8 2.969383 12.4313278198242 1.8 2.969383 12.7913284301758 1.8 3.329384 12.7913284301758 1.8 3.149384 12.611328125 0
0 81758 16.35896 4.0949764251709 0 15.99896 4.0949764251709 0 15.99896 4.4549765586853 0 16.35896 4.4549765586853 0 16.35896 4.0949764251709 1.8 15.99896 4.0949764251709 1.8 15.99896 4.4549765586853 1.8 16.35896 4.4549765586853 1.8 16.17896 4.2749764919281 0
0 56946 6.507698 7.53826808929443 0 6.147697 7.53826808929443 0 6.147697 7.89826774597168 0 6.507698 7.89826774597168 0 6.507698 7.53826808929443 1.8 6.147697 7.53826808929443 1.8 6.147697 7.89826774597168 1.8 6.507698 7.89826774597168 1.8 6.327698 7.71826791763306 0
0 45344 11.63421 2.64920020103455 0 11.27421 2.64920020103455 0 11.27421 3.00920033454895 0 11.63421 3.00920033454895 0 11.63421 2.64920020103455 1.8 11.27421 2.64920020103455 1.8 11.27421 3.00920033454895 1.8 11.63421 3.00920033454895 1.8 11.45421 2.82920026779175 0
0 27358 3.009094 7.60934591293335 0 2.649094 7.60934591293335 0 2.649094 7.9693455696106 0 3.009094 7.9693455696106 0 3.009094 7.60934591293335 1.8 2.649094 7.60934591293335 1.8 2.649094 7.9693455696106 1.8 3.009094 7.9693455696106 1.8 2.829094 7.78934574127197 0
0 60972 10.57278 2.90823411941528 0 10.21278 2.90823411941528 0 10.21278 3.26823425292969 0 10.57278 3.26823425292969 0 10.57278 2.90823411941528 1.8 10.21278 2.90823411941528 1.8 10.21278 3.26823425292969 1.8 10.57278 3.26823425292969 1.8 10.39278 3.08823418617249 0
0 47094 6.807716 12.4392175674438 0 6.447716 12.4392175674438 0 6.447716 12.7992181777954 0 6.807716 12.7992181777954 0 6.807716 12.4392175674438 1.8 6.447716 12.4392175674438 1.8 6.447716 12.7992181777954 1.8 6.807716 12.7992181777954 1.8 6.627716 12.6192178726196 0
0 63150 5.730392 12.8940544128418 0 5.370392 12.8940544128418 0 5.370392 13.2540550231934 0 5.730392 13.2540550231934 0 5.730392 12.8940544128418 1.8 5.370392 12.8940544128418 1.8 5.370392 13.2540550231934 1.8 5.730392 13.2540550231934 1.8 5.550392 13.0740547180176 0
0 43622 10.91113 8.75445175170898 0 10.55113 8.75445175170898 0 10.55113 9.11445236206055 0 10.91113 9.11445236206055 0 10.91113 8.75445175170898 1.8 10.55113 8.75445175170898 1.8 10.55113 9.11445236206055 1.8 10.91113 9.11445236206055 1.8 10.73113 8.93445205688477 0
0 22214 18.73378 4.38950371742249 0 18.37378 4.38950371742249 0 18.37378 4.74950361251831 0 18.73378 4.74950361251831 0 18.73378 4.38950371742249 1.8 18.37378 4.38950371742249 1.8 18.37378 4.74950361251831 1.8 18.73378 4.74950361251831 1.8 18.55378 4.56950378417969 0
1 60222 2.615211 5.55253887176514 0 2.255211 5.55253887176514 0 2.255211 5.91253852844238 0 2.615211 5.91253852844238 0 2.615211 5.55253887176514 1.8 2.255211 5.55253887176514 1.8 2.255211 5.91253852844238 1.8 2.615211 5.91253852844238 1.8 2.435211 5.73253870010376 0
1 83374 4.112442 10.4770421981812 0 3.752441 10.4770421981812 0 3.752441 10.8370428085327 0 4.112442 10.8370428085327 0 4.112442 10.4770421981812 1.8 3.752441 10.4770421981812 1.8 3.752441 10.8370428085327 1.8 4.112442 10.8370428085327 1.8 3.932442 10.6570425033569 0
1 38922 12.42943 8.66366672515869 0 12.06943 8.66366672515869 0 12.06943 9.02366733551025 0 12.42943 9.02366733551025 0 12.42943 8.66366672515869 1.8 12.06943 8.66366672515869 1.8 12.06943 9.02366733551025 1.8 12.42943 9.02366733551025 1.8 12.24943 8.84366703033447 0
1 81758 15.75891 4.10055541992188 0 15.39891 4.10055541992188 0 15.39891 4.46055555343628 0 15.75891 4.46055555343628 0 15.75891 4.10055541992188 1.8 15.39891 4.10055541992188 1.8 15.39891 4.46055555343628 1.8 15.75891 4.46055555343628 1.8 15.57891 4.28055548667908 0
1 56946 6.583611 6.94309186935425 0 6.22361 6.94309186935425 0 6.22361 7.30309152603149 0 6.583611 7.30309152603149 0 6.583611 6.94309186935425 1.8 6.22361 6.94309186935425 1.8 6.22361 7.30309152603149 1.8 6.583611 7.30309152603149 1.8 6.40361 7.12309169769287 0
1 45344 12.23426 2.64273309707642 0 11.87426 2.64273309707642 0 11.87426 3.00273323059082 0 12.23426 3.00273323059082 0 12.23426 2.64273309707642 1.8 11.87426 2.64273309707642 1.8 11.87426 3.00273323059082 1.8 12.23426 3.00273323059082 1.8 12.05426 2.82273316383362 0
1 27358 3.214134 7.04543828964233 0 2.854134 7.04543828964233 0 2.854134 7.40543794631958 0 3.214134 7.40543794631958 0 3.214134 7.04543828964233 1.8 2.854134 7.04543828964233 1.8 2.854134 7.40543794631958 1.8 3.214134 7.40543794631958 1.8 3.034134 7.22543811798096 0
1 60972 9.972725 2.90156435966492 0 9.612724 2.90156435966492 0 9.612724 3.26156449317932 0 9.972725 3.26156449317932 0 9.972725 2.90156435966492 1.8 9.612724 2.90156435966492 1.8 9.612724 3.26156449317932 1.8 9.972725 3.26156449317932 1.8 9.792725 3.08156442642212 0
1 47094 7.407387 12.4213600158691 0 7.047386 12.4213600158691 0 7.047386 12.7813606262207 0 7.407387 12.7813606262207 0 7.407387 12.4213600158691 1.8 7.047386 12.4213600158691 1.8 7.047386 12.7813606262207 1.8 7.407387 12.7813606262207 1.8 7.227386 12.6013603210449 0
1 63150 5.131866 12.9364929199219 0 4.771866 12.9364929199219 0 4.771866 13.2964935302734 0 5.131866 13.2964935302734 0 5.131866 12.9364929199219 1.8 4.771866 12.9364929199219 1.8 4.771866 13.2964935302734 1.8 5.131866 13.2964935302734 1.8 4.951866 13.1164932250977 0
1 43622 11.24091 8.25315523147583 0 10.88091 8.25315523147583 0 10.88091 8.61315536499023 0 11.24091 8.61315536499023 0 11.24091 8.25315523147583 1.8 10.88091 8.25315523147583 1.8 10.88091 8.61315536499023 1.8 11.24091 8.61315536499023 1.8 11.06091 8.43315505981445 0
1 22214 18.13391 4.37579464912415 0 17.77391 4.37579464912415 0 17.77391 4.73579454421997 0 18.13391 4.73579454421997 0 18.13391 4.37579464912415 1.8 17.77391 4.37579464912415 1.8 17.77391 4.73579454421997 1.8 18.13391 4.73579454421997 1.8 17.95391 4.55579471588135 0
