0 60222 566.6798 492.9677 535.9968 492.9677 521.5587 499.5779 553.2866 499.5779 548.5262 335.7699 516.4269 335.7699 500.6004 337.0873 533.845 337.0873 544.4966 496.2175
0 83374 504.1107 707.5476 439.5107 707.5476 400.7361 737.9945 470.1484 737.9945 457.4284 380.7647 386.2137 380.7647 338.7293 387.5441 415.8376 387.5441 454.2787 722.2244
0 38922 1751.947 583.2702 1706.991 583.2702 1744.86 597.6892 1792.095 597.6892 1806.678 354.1335 1758.615 354.1335 1802.051 357.1406 1852.728 357.1406 1748.491 590.3015
0 23374 1848.675 667.3828 1790.423 667.3828 1845.802 691.9595 1907.938 691.9595 1929.913 371.9783 1866.336 371.9783 1932.707 377.3337 2000.94 377.3337 1847.285 679.2745
0 62036 148.9838 851.791 61.58661 851.791 -31.40831 909.0265 65.0354 909.0265 32.41505 413.832 -67.54395 413.832 -191.0299 427.6506 -79.0583 427.6506 63.22598 879.0005
0 81758 1701.537 473.1609 1673.985 473.1609 1695.741 478.4726 1724.133 478.4726 1732.126 331.847 1703.438 331.847 1727.056 332.8954 1756.656 332.8954 1698.683 475.7769
0 56946 942.6801 541.9067 904.2616 541.9067 901.8646 552.3597 941.9353 552.3597 941.6674 345.623 901.0026 345.623 898.3102 347.7576 940.8308 347.7576 922.7015 547.0231
0 45344 1299.602 454.6573 1274.974 454.6573 1283.526 458.8875 1308.822 458.8875 1312.069 328.2153 1286.537 328.2153 1295.737 329.0428 1321.989 329.0428 1291.672 456.7441
0 27358 566.1107 543.9017 527.3768 543.9017 508.6123 554.5307 549.0261 554.5307 542.8793 346.0295 501.8611 346.0295 480.7638 348.2023 523.671 348.2023 537.9722 549.1033
0 60972 1232.165 457.678 1207.06 457.678 1213.901 462.0762 1239.702 462.0762 1242.358 328.806 1216.313 328.806 1223.683 329.6676 1250.478 329.6676 1223.158 459.847
0 47094 993.5037 852.9301 905.9245 852.9301 900.3144 910.4138 996.9795 910.4138 998.3306 414.103 898.1338 414.103 890.6794 427.9907 1002.949 427.9907 949.2058 880.2546
0 63150 700.614 927.5978 601.2327 927.5978 558.3975 1002.668 669.6444 1002.668 657.3685 432.2244 541.4182 432.2244 481.9249 451.1816 614.3553 451.1816 633.5126 963.0184
0 43622 1485.852 581.2433 1441.216 581.2433 1465.429 595.4524 1512.311 595.4524 1521.917 353.7125 1474.22 353.7125 1501.963 356.6727 1552.234 356.6727 1475.891 588.1735
0 22214 1906.182 477.4826 1877.947 477.4826 1906.634 483.0652 1935.751 483.0652 1946.222 332.6998 1916.792 332.6998 1947.999 333.8041 1978.389 333.8041 1906.405 480.231
1 60222 607.4626 496.8693 576.1628 496.8693 562.8207 503.7526 595.2085 503.7526 590.8489 336.547 558.074 336.547 543.4207 337.9215 577.3905 337.9215 585.5233 500.2521
1 83374 548.5858 665.2277 490.675 665.2277 459.5721 689.5084 521.3207 689.5084 511.2163 371.5118 448.0454 371.5118 410.8115 376.7968 478.5767 376.7968 505.5058 676.9787
1 38922 1665.579 577.8724 1621.476 577.8724 1654.342 591.736 1700.636 591.736 1713.353 353.0132 1666.264 353.0132 1703.858 355.8965 1753.453 355.8965 1660.097 584.6362
1 81758 1655.932 473.2408 1628.367 473.2408 1648.743 478.5574 1677.148 478.5574 1684.654 331.8628 1655.951 331.8628 1678.071 332.9123 1707.686 332.9123 1652.391 475.8593
1 56946 951.3695 526.395 915.4028 526.395 913.6122 535.5314 951.023 535.5314 950.8989 342.4749 912.9707 342.4749 910.975 344.3262 950.5127 344.3262 932.862 530.8732
1 45344 1340.471 454.5833 1315.855 454.5833 1325.512 458.8094 1350.795 458.8094 1354.432 328.2009 1328.913 328.2009 1339.301 329.0275 1365.539 329.0275 1333.091 456.6681
1 27358 610.9044 528.9199 574.5385 528.9199 558.8832 538.2642 596.726 538.2642 591.6431 342.9857 553.2709 342.9857 535.8011 344.8817 575.8216 344.8817 585.411 533.4991
1 60972 1190.205 457.5988 1165.112 457.5988 1170.789 461.9924 1196.576 461.9924 1198.822 328.7906 1172.79 328.7906 1178.906 329.6512 1205.686 329.6512 1180.63 459.7656
1 47094 1138.555 850.3586 1051.382 850.3586 1060.814 907.2827 1156.984 907.2827 1164.143 413.4915 1064.477 413.4915 1076.992 427.2234 1188.594 427.2234 1101.593 877.424
1 63150 529.9789 935.6041 429.3343 935.6041 365.0708 1012.716 477.9033 1012.716 457.2174 434.2101 339.5434 434.2101 249.8549 453.7774 384.5389 453.7774 452.2325 971.9585
1 43622 1491.299 563.5832 1449.454 563.5832 1472.469 576.0315 1516.281 576.0315 1525.313 350.0616 1480.789 350.0616 1506.924 352.6318 1553.682 352.6318 1482.101 569.6644
1 22214 1858.098 477.2767 1829.895 477.2767 1857.047 482.8461 1886.131 482.8461 1896.057 332.6592 1866.662 332.6592 1896.198 333.7606 1926.55 333.7606 1857.581 480.0186
