0 59412 44.70597 -8.99258518218994 0 44.34597 -8.99258518218994 0 44.34597 -8.63258457183838 0 44.70597 -8.63258457183838 0 44.70597 -8.99258518218994 1.8 44.34597 -8.99258518218994 1.8 44.34597 -8.63258457183838 1.8 44.70597 -8.63258457183838 1.8 44.52597 -8.81258487701416 0
0 50432 46.38381 -2.91037440299988 0 46.02381 -2.91037440299988 0 46.02381 -2.55037426948547 0 46.38381 -2.55037426948547 0 46.38381 -2.91037440299988 1.8 46.02381 -2.91037440299988 1.8 46.02381 -2.55037426948547 1.8 46.38381 -2.55037426948547 1.8 46.20381 -2.73037433624268 0
0 71658 46.27479 -12.8271207809448 0 45.91479 -12.8271207809448 0 45.91479 -12.4671201705933 0 46.27479 -12.4671201705933 0 46.27479 -12.8271207809448 1.8 45.91479 -12.8271207809448 1.8 45.91479 -12.4671201705933 1.8 46.27479 -12.4671201705933 1.8 46.09479 -12.647120475769 0
0 32740 43.86791 2.41234111785889 0 43.50791 2.41234111785889 0 43.50791 2.77234125137329 0 43.86791 2.77234125137329 0 43.86791 2.41234111785889 1.8 43.50791 2.41234111785889 1.8 43.50791 2.77234125137329 1.8 43.86791 2.77234125137329 1.8 43.68791 2.59234118461609 0
0 72936 35.23764 4.79668569564819 0 34.87764 4.79668569564819 0 34.87764 5.15668535232544 0 35.23764 5.15668535232544 0 35.23764 4.79668569564819 1.8 34.87764 4.79668569564819 1.8 34.87764 5.15668535232544 1.8 35.23764 5.15668535232544 1.8 35.05764 4.97668552398682 0
0 80334 23.50279 4.95130300521851 0 23.14279 4.95130300521851 0 23.14279 5.31130266189575 0 23.50279 5.31130266189575 0 23.50279 4.95130300521851 1.8 23.14279 4.95130300521851 1.8 23.14279 5.31130266189575 1.8 23.50279 5.31130266189575 1.8 23.32279 5.13130283355713 0
0 23090 41.49265 5.22392272949219 0 41.13265 5.22392272949219 0 41.13265 5.58392238616943 0 41.49265 5.58392238616943 0 41.49265 5.22392272949219 1.8 41.13265 5.22392272949219 1.8 41.13265 5.58392238616943 1.8 41.49265 5.58392238616943 1.8 41.31265 5.40392255783081 0
0 54016 38.70626 5.83857774734497 0 38.34626 5.83857774734497 0 38.34626 6.19857740402222 0 38.70626 6.19857740402222 0 38.70626 5.83857774734497 1.8 38.34626 5.83857774734497 1.8 38.34626 6.19857740402222 1.8 38.70626 6.19857740402222 1.8 38.52626 6.01857757568359 0
1 59412 44.68947 -8.39281940460205 0 44.32947 -8.39281940460205 0 44.32947 -8.03281879425049 0 44.68947 -8.03281879425049 0 44.68947 -8.39281940460205 1.8 44.32947 -8.39281940460205 1.8 44.32947 -8.03281879425049 1.8 44.68947 -8.03281879425049 1.8 44.50947 -8.21281909942627 0
1 50432 46.4005 -3.51014614105225 0 46.0405 -3.51014614105225 0 46.0405 -3.15014600753784 0 46.4005 -3.15014600753784 0 46.4005 -3.51014614105225 1.8 46.0405 -3.51014614105225 1.8 46.0405 -3.15014600753784 1.8 46.4005 -3.15014600753784 1.8 46.2205 -3.33014607429504 0
1 71658 46.29148 -13.4268865585327 0 45.93148 -13.4268865585327 0 45.93148 -13.0668859481812 0 46.29148 -13.0668859481812 0 46.29148 -13.4268865585327 1.8 45.93148 -13.4268865585327 1.8 45.93148 -13.0668859481812 1.8 46.29148 -13.0668859481812 1.8 46.11148 -13.2468862533569 0
1 75512 21.92818 18.1026363372803 0 21.56818 18.1026363372803 0 21.56818 18.4626369476318 0 21.92818 18.4626369476318 0 21.92818 18.1026363372803 1.8 21.56818 18.1026363372803 1.8 21.56818 18.4626369476318 1.8 21.92818 18.4626369476318 1.8 21.74818 18.2826366424561 0
1 32740 44.46787 2.40899729728699 0 44.10787 2.40899729728699 0 44.10787 2.76899743080139 0 44.46787 2.76899743080139 0 44.46787 2.40899729728699 1.8 44.10787 2.40899729728699 1.8 44.10787 2.76899743080139 1.8 44.46787 2.76899743080139 1.8 44.28787 2.58899736404419 0
1 72936 34.63826 4.82434225082397 0 34.27826 4.82434225082397 0 34.27826 5.18434190750122 0 34.63826 5.18434190750122 0 34.63826 4.82434225082397 1.8 34.27826 4.82434225082397 1.8 34.27826 5.18434190750122 1.8 34.63826 5.18434190750122 1.8 34.45826 5.0043420791626 0
1 80334 23.00259 5.28265714645386 0 22.64259 5.28265714645386 0 22.64259 5.6426568031311 0 23.00259 5.6426568031311 0 23.00259 5.28265714645386 1.8 22.64259 5.28265714645386 1.8 22.64259 5.6426568031311 1.8 23.00259 5.6426568031311 1.8 22.82259 5.46265697479248 0
1 23090 42.09156 5.25966167449951 0 41.73156 5.25966167449951 0 41.73156 5.61966133117676 0 42.09156 5.61966133117676 0 42.09156 5.25966167449951 1.8 41.73156 5.25966167449951 1.8 41.73156 5.61966133117676 1.8 42.09156 5.61966133117676 1.8 41.91156 5.43966150283813 0
1 54016 38.10735 5.80233812332153 0 37.74735 5.80233812332153 0 37.74735 6.16233777999878 0 38.10735 6.16233777999878 0 38.10735 5.80233812332153 1.8 37.74735 5.80233812332153 1.8 37.74735 6.16233777999878 1.8 38.10735 6.16233777999878 1.8 37.92735 5.98233795166016 0
