0 26054 358.9776 380.2942 350.1666 379.8773 337.4557 380.9245 346.3149 381.3522 347.6423 313.9341 338.725 313.8553 325.6218 314.053 334.5875 314.1337 348.2581 380.6082
0 76520 183.9206 379.5482 176.0774 379.1389 161.2549 380.1669 169.1226 380.5868 169.4203 313.7932 161.5062 313.7161 146.2144 313.91 154.1519 313.9893 172.6312 379.8564
0 26844 1469.836 330.1234 1464.252 330.0618 1464.896 330.2159 1470.51 330.2783 1473.487 304.5735 1467.855 304.562 1468.522 304.5905 1474.183 304.6021 1467.37 330.1697
0 37476 1275.415 329.5739 1270.305 329.5144 1269.998 329.6632 1275.132 329.7233 1277.634 304.472 1272.483 304.4611 1272.184 304.4885 1277.359 304.4996 1272.71 329.6185
0 61912 1389.838 328.8851 1384.625 328.8282 1384.867 328.9704 1390.104 329.0278 1392.792 304.3452 1387.539 304.3347 1387.796 304.3608 1393.075 304.3714 1387.356 328.9276
0 53878 1165.96 362.7541 1155.794 362.4972 1153.993 363.1416 1164.254 363.4037 1168.995 310.6369 1158.668 310.5888 1156.87 310.7094 1167.296 310.7585 1159.994 362.9473
0 50974 1239.39 365.6349 1228.46 365.3544 1227.346 366.0582 1238.387 366.3447 1243.697 311.1766 1232.58 311.1239 1231.493 311.2559 1242.724 311.3096 1233.387 365.8459
0 82720 1285.725 329.4607 1280.615 329.4017 1280.357 329.5494 1285.493 329.609 1288.008 304.4513 1282.856 304.4403 1282.609 304.4676 1287.785 304.4786 1283.045 329.505
0 77368 1306.025 337.2098 1299.574 337.1171 1299.367 337.3491 1305.857 337.443 1309.069 305.8826 1302.554 305.8654 1302.363 305.9083 1308.917 305.9257 1302.702 337.2794
0 83760 1192.693 369.7079 1181.307 369.3922 1179.595 370.1845 1191.101 370.5074 1196.502 311.9408 1184.913 311.8815 1183.214 312.0303 1194.927 312.091 1186.166 369.9454
1 26054 344.6656 379.5759 336.0042 379.1663 323.2249 380.1951 331.9318 380.6152 333.1646 313.7985 324.4016 313.7212 311.2301 313.9153 320.0388 313.9946 333.9861 379.8843
1 76520 196.7983 380.266 188.8197 379.8495 174.0289 380.8959 182.0341 381.3233 182.4094 313.9287 174.3561 313.85 159.0939 314.0475 167.1727 314.1283 185.4573 380.5798
1 26844 1479.142 330.2169 1473.523 330.1548 1474.215 330.3099 1479.864 330.3726 1482.87 304.5906 1477.203 304.5792 1477.919 304.6078 1483.616 304.6194 1476.682 330.2633
1 37476 1276.147 329.3313 1271.076 329.2728 1270.774 329.4192 1275.869 329.4783 1278.353 304.4274 1273.242 304.4166 1272.949 304.4435 1278.084 304.4545 1273.464 329.3752
1 61912 1381.18 328.7988 1375.999 328.7423 1376.198 328.8837 1381.404 328.9407 1384.067 304.3292 1378.845 304.3188 1379.059 304.3448 1384.306 304.3553 1378.693 328.8412
1 53878 1163.307 363.8494 1152.979 363.5837 1151.117 364.2504 1161.544 364.5216 1166.355 310.842 1155.86 310.7922 1154.001 310.9171 1164.598 310.9679 1157.23 364.0493
1 50974 1240.632 364.4751 1229.886 364.2042 1228.806 364.8838 1239.66 365.1604 1244.881 310.9593 1233.955 310.9084 1232.902 311.0358 1243.939 311.0876 1234.737 364.6789
1 82720 1277.291 329.3411 1272.216 329.2825 1271.92 329.429 1277.019 329.4883 1279.505 304.4292 1274.391 304.4183 1274.103 304.4454 1279.242 304.4563 1274.609 329.385
1 77368 1305.713 336.8197 1299.328 336.7288 1299.122 336.9561 1305.544 337.048 1308.722 305.8103 1302.275 305.7935 1302.085 305.8356 1308.57 305.8525 1302.423 336.8878
1 83760 1190.666 371.0679 1179.072 370.7401 1177.301 371.5631 1189.02 371.8986 1194.515 312.1963 1182.711 312.1347 1180.952 312.2895 1192.887 312.3525 1184.006 371.3147
