0 35800 811.6442 424.4167 825.8738 426.0323 839.9406 423.8669 825.7746 422.3055 807.2859 322.3478 821.8813 322.6591 836.4294 322.2419 821.8997 321.9412 825.8235 424.1412
0 75724 1231.948 446.0689 1255.022 448.2945 1262.942 445.3136 1240.206 443.1752 1241.362 326.5405 1265.395 326.9739 1273.373 326.3935 1249.709 325.9776 1247.484 445.6902
0 22948 1362.922 442.187 1387.305 444.296 1392.448 441.471 1368.458 439.4426 1376.49 325.7856 1401.913 326.1956 1406.936 325.6465 1381.941 325.2527 1377.722 441.8281
0 83374 1641.318 542.4832 1690.229 548.6394 1688.975 540.4218 1641.665 534.6592 1681.256 345.7404 1734.18 346.9967 1731.323 345.3206 1680.266 344.1492 1665.248 541.4481
0 38922 798.3489 473.0005 817.9442 476.1235 837.6074 471.9446 818.1277 468.9659 791.687 331.8155 811.9804 332.4315 832.5952 331.6073 812.4218 331.0209 818.0378 472.4709
0 23374 930.2451 461.5145 950.7327 464.2359 966.1815 460.5929 945.8892 457.9891 929.1028 329.5576 950.3708 330.0914 966.4175 329.377 945.3597 328.867 948.2645 461.0524
0 59652 760.4921 446.738 776.5125 448.984 794.0559 445.9759 778.0944 443.8182 753.553 326.6707 770.0304 327.1082 788.3151 326.5223 771.8968 326.1026 777.3173 446.356
0 28100 530.312 453.9924 543.4608 456.4661 566.7574 453.154 553.5225 450.7823 514.6072 328.0855 527.9849 328.569 552.4651 327.9218 538.9844 327.4589 548.584 453.5721
0 62036 1741.651 526.5301 1789.648 531.8976 1785.417 524.7288 1738.958 519.6829 1784.306 342.5023 1836.049 343.589 1830.085 342.1382 1780.12 341.12 1763.621 525.6257
0 81758 277.9451 502.9397 290.0098 507.2421 327.5983 501.491 315.1048 497.4205 244.7692 337.759 256.6996 338.6202 297.0665 337.4695 284.6248 336.657 302.86 502.2128
0 56946 1260.446 590.0369 1307.633 598.8743 1321.155 587.097 1275.385 578.9303 1281.738 355.5421 1333.073 357.3887 1346.474 354.9296 1296.825 353.2325 1290.954 588.5595
0 22294 538.8398 439.2987 550.8484 441.3229 571.809 438.6111 559.7336 436.6627 524.9528 325.225 537.1563 325.6179 559.0736 325.0916 546.7911 324.7139 555.3647 438.954
0 45344 280.6772 629.4006 300.57 640.8356 360.7133 625.6172 339.7529 615.1617 225.497 363.829 244.9965 366.2664 312.636 363.0254 291.7097 360.8129 320.9251 627.498
0 27358 1881.511 702.3965 1974.113 719.5709 1956.664 696.772 1869.561 681.3744 1974.563 379.6279 2081.334 383.4294 2055.761 378.3901 1956.165 375.0191 1919.351 699.5645
0 60972 388.9582 652.8334 414.3354 665.9796 473.2724 648.4983 447.0489 636.5539 338.9976 368.8386 364.6608 371.6747 431.255 367.9075 404.4061 365.3522 431.3748 650.6523
0 60556 665.0115 418.2629 676.7419 419.7231 692.5376 417.7655 680.8071 416.352 656.782 321.1639 668.7405 321.4445 685.1081 321.0684 673.1464 320.797 678.803 418.0137
0 47094 1371.203 484.9827 1403.165 488.5547 1409.434 483.777 1378.147 480.381 1389.367 334.184 1423.133 334.8927 1429.152 333.945 1396.141 333.2728 1390.381 484.3779
0 80334 180.629 437.1404 187.3682 439.1024 214.8205 436.4737 207.8289 434.584 155.338 324.8063 161.9286 325.1868 190.7593 324.6772 183.8861 324.3112 197.766 436.8062
0 63150 1476.61 489.6224 1511.459 493.3764 1515.089 488.356 1481.054 484.7914 1500.025 335.1047 1536.968 335.8513 1540.073 334.8532 1504.046 334.1461 1495.914 488.9872
0 43622 920.6656 493.7197 945.0987 497.6384 963.7339 492.3987 939.5745 488.6819 918.8428 335.9196 944.3936 336.7004 963.9056 335.6568 938.6536 334.9181 942.2729 493.0569
0 22214 237.6521 474.9516 247.3012 478.1456 280.7846 473.872 270.779 470.8271 207.5355 332.2003 217.0251 332.8309 252.6472 331.9873 242.7439 331.3873 259.2847 474.4102
1 35800 834.7261 427.2607 849.5857 428.9508 863.5571 426.6858 848.7745 425.0537 830.96 322.8961 846.2214 323.2222 860.6711 322.7852 845.4899 322.4706 849.1737 426.9727
1 75724 1247.26 441.4749 1269.828 443.5628 1277.217 440.7659 1254.974 438.7573 1256.884 325.6473 1280.365 326.053 1287.789 325.5097 1264.662 325.1199 1262.276 441.1194
1 83374 1643.07 557.056 1695.032 563.9811 1693.536 554.7418 1643.378 548.285 1685.655 348.7202 1742.164 350.1436 1738.832 348.2456 1684.447 346.9242 1668.417 555.8938
1 38922 822.2776 479.8806 843.1078 483.2577 862.9265 478.7399 842.2435 475.5249 816.3679 333.1739 837.9944 333.8423 858.7884 332.9483 837.3173 332.3134 842.6663 479.3084
1 23374 904.9593 455.9381 924.3253 458.4746 939.8092 455.0784 920.608 452.6479 902.9214 328.4658 922.9823 328.962 939.0659 328.2976 919.1812 327.8229 922.4321 455.5071
1 59652 725.5308 445.1138 740.8475 447.3104 758.9063 444.3683 743.6267 442.2573 717.4684 326.3547 733.1946 326.7822 752.0279 326.2096 736.3368 325.7993 742.2614 444.7401
1 28100 565.0216 455.8434 578.89 458.3769 601.7097 454.9847 587.7767 452.5571 550.4068 328.4473 564.5522 328.9428 588.5276 328.2794 574.3026 327.8052 583.4159 455.413
1 62036 1748.375 516.6377 1794.393 521.5439 1790.204 514.9889 1745.602 510.3643 1789.431 340.5067 1838.875 341.4952 1833.094 340.175 1785.275 339.246 1769.369 515.8102
1 81758 298.945 510.1189 311.9016 514.7327 350.1774 508.567 336.788 504.2103 265.6024 339.1969 278.4619 340.1236 319.6561 338.8857 306.2763 338.0132 324.6557 509.34
1 56946 1222.882 608.4088 1271.929 618.4159 1287.784 605.0884 1240.245 595.8867 1242.777 359.3898 1296.359 361.5002 1312.305 358.6918 1260.534 356.7635 1255.508 606.7397
1 22294 547.5369 434.2398 559.2275 436.1199 579.2828 433.6008 567.5339 431.7886 534.4418 324.2446 546.3214 324.6086 567.2546 324.121 555.3065 323.7704 563.4473 433.9195
1 45344 249.2456 612.1902 267.0399 622.4471 325.5005 608.7886 306.6572 599.3666 194.7486 360.1862 212.03 362.3535 277.4185 359.4698 258.7627 357.4918 287.5812 610.4801
1 27358 1848.603 729.4529 1946.198 749.0635 1929.208 723.0549 1837.718 705.6007 1945 385.6316 2058.609 390.0345 2032.62 384.2045 1927.123 380.3347 1889.207 726.23
1 60972 431.171 675.6598 459.9216 690.5917 520.3007 670.7513 490.7643 657.2675 381.6406 373.7747 411.0467 377.0341 479.7043 372.7084 449.1508 369.793 476.0285 673.1895
1 60556 635.4608 421.2709 647.1202 422.806 663.8036 420.7482 652.1323 419.2632 626.1725 321.7421 638.05 322.0375 655.3636 321.6416 643.4697 321.3561 649.6624 421.0089
1 47094 1320.148 479.5426 1350.208 482.9069 1357.59 478.4062 1328.12 475.2029 1335.571 333.1071 1367.244 333.7728 1374.506 332.8824 1343.491 332.2499 1338.928 478.9725
1 80334 215.442 437.4318 222.6904 439.4022 249.5367 436.7623 242.0535 434.8647 191.2281 324.8629 198.3601 325.2451 226.547 324.7332 219.1514 324.3656 232.5305 437.0963
1 63150 1535.683 495.3245 1572.792 499.3087 1574.9 493.9816 1538.717 490.2044 1562.591 336.2391 1602.044 337.0336 1603.436 335.9717 1565.03 335.2203 1555.359 494.6508
1 43622 870.7524 497.473 894.6419 501.5456 914.9889 496.1007 891.3304 492.2418 866.5331 336.6674 891.4856 337.4803 912.8763 336.3938 888.1735 335.6255 892.9475 496.7845
1 22214 252.61 480.5098 262.8497 483.9106 297.001 479.3612 286.3961 476.1241 222.1461 333.2983 232.2401 333.9715 268.6371 333.0712 258.1169 332.4316 274.876 479.9337
