0 26054 -1.139748 2.09205102920532 0 -1.499748 2.09205102920532 0 -1.499748 2.45205116271973 0 -1.139748 2.45205116271973 0 -1.139748 2.09205102920532 1.8 -1.499748 2.09205102920532 1.8 -1.499748 2.45205116271973 1.8 -1.139748 2.45205116271973 1.8 -1.319748 2.27205109596252 0
0 76520 -5.958954 3.76575183868408 0 -6.318954 3.76575183868408 0 -6.318954 4.12575197219849 0 -5.958954 4.12575197219849 0 -5.958954 3.76575183868408 1.8 -6.318954 3.76575183868408 1.8 -6.318954 4.12575197219849 1.8 -5.958954 4.12575197219849 1.8 -6.138954 3.94575190544128 0
0 26844 33.35561 -56.7768020629883 0 32.99561 -56.7768020629883 0 32.99561 -56.4168014526367 0 33.35561 -56.4168014526367 0 33.35561 -56.7768020629883 1.8 32.99561 -56.7768020629883 1.8 32.99561 -56.4168014526367 1.8 33.35561 -56.4168014526367 1.8 33.17561 -56.5968017578125 0
0 37476 20.14529 -52.7849426269531 0 19.78529 -52.7849426269531 0 19.78529 -52.4249420166016 0 20.14529 -52.4249420166016 0 20.14529 -52.7849426269531 1.8 19.78529 -52.7849426269531 1.8 19.78529 -52.4249420166016 1.8 20.14529 -52.4249420166016 1.8 19.96529 -52.6049423217773 0
0 61912 28.10518 -57.684455871582 0 27.74518 -57.684455871582 0 27.74518 -57.3244552612305 0 28.10518 -57.3244552612305 0 28.10518 -57.684455871582 1.8 27.74518 -57.684455871582 1.8 27.74518 -57.3244552612305 1.8 28.10518 -57.3244552612305 1.8 27.92518 -57.5044555664063 0
0 53878 18.60897 -13.5350246429443 0 18.24897 -13.5350246429443 0 18.24897 -13.1750240325928 0 18.60897 -13.1750240325928 0 18.60897 -13.5350246429443 1.8 18.24897 -13.5350246429443 1.8 18.24897 -13.1750240325928 1.8 18.60897 -13.1750240325928 1.8 18.42897 -13.3550243377686 0
0 50974 21.17244 -13.0201406478882 0 20.81244 -13.0201406478882 0 20.81244 -12.6601400375366 0 21.17244 -12.6601400375366 0 21.17244 -13.0201406478882 1.8 20.81244 -13.0201406478882 1.8 20.81244 -12.6601400375366 1.8 21.17244 -12.6601400375366 1.8 20.99244 -12.8401403427124 0
0 82720 20.84233 -53.3396644592285 0 20.48233 -53.3396644592285 0 20.48233 -52.979663848877 0 20.84233 -52.979663848877 0 20.84233 -53.3396644592285 1.8 20.48233 -53.3396644592285 1.8 20.48233 -52.979663848877 1.8 20.84233 -52.979663848877 1.8 20.66233 -53.1596641540527 0
0 77368 22.63088 -38.9711685180664 0 22.27088 -38.9711685180664 0 22.27088 -38.6111679077148 0 22.63088 -38.6111679077148 0 22.63088 -38.9711685180664 1.8 22.27088 -38.9711685180664 1.8 22.27088 -38.6111679077148 1.8 22.63088 -38.6111679077148 1.8 22.45088 -38.7911682128906 0
0 83760 19.95111 -10.5624685287476 0 19.59111 -10.5624685287476 0 19.59111 -10.202467918396 0 19.95111 -10.202467918396 0 19.95111 -10.5624685287476 1.8 19.59111 -10.5624685287476 1.8 19.59111 -10.202467918396 1.8 19.95111 -10.202467918396 1.8 19.77111 -10.3824682235718 0
1 26054 -1.739609 2.08289575576782 0 -2.099609 2.08289575576782 0 -2.099609 2.44289588928223 0 -1.739609 2.44289588928223 0 -1.739609 2.08289575576782 1.8 -2.099609 2.08289575576782 1.8 -2.099609 2.44289588928223 1.8 -1.739609 2.44289588928223 1.8 -1.919609 2.26289582252502 0
1 76520 -5.359093 3.77490711212158 0 -5.719093 3.77490711212158 0 -5.719093 4.13490724563599 0 -5.359093 4.13490724563599 0 -5.359093 3.77490711212158 1.8 -5.719093 3.77490711212158 1.8 -5.719093 4.13490724563599 1.8 -5.359093 4.13490724563599 1.8 -5.539093 3.95490717887878 0
1 26844 33.95529 -56.7997512817383 0 33.59529 -56.7997512817383 0 33.59529 -56.4397506713867 0 33.95529 -56.4397506713867 0 33.95529 -56.7997512817383 1.8 33.59529 -56.7997512817383 1.8 33.59529 -56.4397506713867 1.8 33.95529 -56.4397506713867 1.8 33.77529 -56.6197509765625 0
1 37476 20.16408 -53.3846130371094 0 19.80408 -53.3846130371094 0 19.80408 -53.0246124267578 0 20.16408 -53.0246124267578 0 20.16408 -53.3846130371094 1.8 19.80408 -53.3846130371094 1.8 19.80408 -53.0246124267578 1.8 20.16408 -53.0246124267578 1.8 19.98408 -53.2046127319336 0
1 61912 27.50552 -57.6630935668945 0 27.14552 -57.6630935668945 0 27.14552 -57.303092956543 0 27.50552 -57.303092956543 0 27.50552 -57.6630935668945 1.8 27.14552 -57.6630935668945 1.8 27.14552 -57.303092956543 1.8 27.50552 -57.303092956543 1.8 27.32552 -57.4830932617188 0
1 53878 18.61622 -12.9350681304932 0 18.25622 -12.9350681304932 0 18.25622 -12.5750675201416 0 18.61622 -12.5750675201416 0 18.61622 -12.9350681304932 1.8 18.25622 -12.9350681304932 1.8 18.25622 -12.5750675201416 1.8 18.61622 -12.5750675201416 1.8 18.43622 -12.7550678253174 0
1 50974 21.15966 -13.6200017929077 0 20.79966 -13.6200017929077 0 20.79966 -13.2600011825562 0 21.15966 -13.2600011825562 0 21.15966 -13.6200017929077 1.8 20.79966 -13.6200017929077 1.8 20.79966 -13.2600011825562 1.8 21.15966 -13.2600011825562 1.8 20.97966 -13.4400014877319 0
1 82720 20.24467 -53.392879486084 0 19.88467 -53.392879486084 0 19.88467 -53.0328788757324 0 20.24467 -53.0328788757324 0 20.24467 -53.392879486084 1.8 19.88467 -53.392879486084 1.8 19.88467 -53.0328788757324 1.8 20.24467 -53.0328788757324 1.8 20.06467 -53.2128791809082 0
1 77368 22.59779 -39.5702667236328 0 22.23779 -39.5702667236328 0 22.23779 -39.2102661132813 0 22.59779 -39.2102661132813 0 22.59779 -39.5702667236328 1.8 22.23779 -39.5702667236328 1.8 22.23779 -39.2102661132813 1.8 22.59779 -39.2102661132813 1.8 22.41779 -39.390266418457 0
1 83760 19.97104 -9.96279811859131 0 19.61104 -9.96279811859131 0 19.61104 -9.60279750823975 0 19.97104 -9.60279750823975 0 19.97104 -9.96279811859131 1.8 19.61104 -9.96279811859131 1.8 19.61104 -9.60279750823975 1.8 19.97104 -9.60279750823975 1.8 19.79104 -9.78279781341553 0
